605 2
7 -0.38474 4.23294
137 -0.52523 5.46298
771 -0.475489 4.50158
70 -0.514069 4.62158
23 -0.393304 4.88129
101 -0.388618 4.43901
78 -0.2717 4.60631
363 -0.231237 4.48057
430 -0.161705 4.46915
538 -0.14866 4.43535
87 -0.361726 4.55069
34 -0.232109 4.52867
313 -0.291067 4.39979
25 -0.294542 4.62332
965 -0.311494 4.37275
26 -0.107417 4.79489
273 -0.379079 4.30553
731 -0.185135 4.23071
428 -0.201751 4.12895
31 -0.210979 4.45862
35 -0.0780471 4.54447
48 -0.294735 4.64697
97 -0.408262 4.61894
962 -0.38906 4.52497
262 -0.462106 4.47306
28 -0.138455 4.64427
851 -0.00458328 4.44503
601 -0.63076 4.70318
18 -0.645006 5.64839
360 -0.347037 4.28866
181 -0.381031 4.67725
84 -0.214665 4.58716
399 -0.588602 4.71059
934 -0.646085 4.37471
977 -0.670462 4.68884
119 -0.439905 5.24504
211 -0.575461 4.45741
146 -0.690265 4.76157
422 -0.426159 4.30565
530 -0.602614 3.98792
441 -0.579071 3.66494
192 -0.278134 4.34511
988 -0.220139 4.10709
1008 -0.604027 4.4016
1110 -0.672557 4.54635
163 -0.684379 4.71735
890 -0.448157 3.84916
151 -0.604934 4.68831
749 -0.573137 3.88436
725 -0.201508 4.21924
955 -0.133569 4.14503
125 -0.233619 4.45904
98 -0.38601 4.47822
286 -0.366752 4.24947
587 -0.325959 3.4229
126 -0.256773 4.55403
565 -0.435506 4.09254
264 -0.432763 4.15616
212 -0.581173 4.57736
802 -0.585487 3.80105
1080 -0.57525 3.91562
604 -0.58859 4.21577
480 -0.685632 4.66459
475 -0.704351 5.33311
16 -0.507948 4.34465
311 -0.360557 4.40659
222 -0.591678 4.76511
673 -0.390789 4.14323
887 -0.560446 3.94263
1121 -0.565294 4.56542
490 -0.552608 3.88322
693 -0.684193 4.65842
485 -0.540376 3.88803
331 -0.37725 4.38886
772 -0.460124 4.36017
41 -0.212285 4.62438
24 0.0702128 4.86362
409 -0.380387 4.40984
551 -0.351989 4.43583
555 -0.423512 4.44532
316 -0.350223 4.33824
317 -0.335891 4.25374
80 -0.202947 4.27481
85 -0.272186 4.39178
79 -0.344588 4.45371
734 -0.017893 4.69638
672 -0.0844802 4.25939
727 -0.0661 4.53158
129 -0.169559 4.52932
949 -0.662841 4.54676
30 -0.481553 5.12467
102 -0.394448 4.55853
56 0.0568592 4.83774
595 -0.0308286 4.38984
450 -0.296422 4.40175
869 -0.619516 4.33891
1085 -0.692081 4.51377
646 -0.162911 4.30811
46 -0.200767 4.4875
517 -0.117386 4.29447
518 -0.126516 4.47419
278 -0.369829 4.51715
271 -0.228366 4.47387
773 -0.378419 4.35286
515 -0.257673 4.41322
974 -0.190905 4.29322
600 -0.545705 4.40054
357 -0.373477 4.22592
550 -0.451169 4.35123
17 -0.330103 4.79713
724 -0.02349 4.68019
345 0.215572 5.17154
276 0.278745 5.54117
431 -0.0676138 4.27617
844 -0.226367 4.56995
8 -0.277372 4.77872
9 -0.161165 4.43384
27 0.023197 4.91403
729 0.0239754 4.64542
726 -0.0255753 4.67825
1132 -0.454245 4.40884
130 -0.0604072 4.69467
536 -0.159334 4.35836
267 -0.352018 4.4008
406 -0.291681 4.33593
404 -0.295339 4.41205
543 -0.330745 4.35044
5 -0.154371 4.41071
105 -0.374113 4.21128
33 -0.234939 4.36761
49 -0.0467554 4.66266
136 0.0569089 4.499
127 0.144735 4.78604
29 0.00121312 4.8162
205 -0.488616 4.46914
1119 -0.549572 4.57122
834 -0.407862 4.0732
1089 -0.664023 4.58619
150 -0.665613 4.76665
866 -0.69112 4.52105
1019 -0.440229 4.34461
194 -0.49558 4.57006
100 -0.348621 4.38818
21 -0.451575 4.05159
785 -0.630554 3.83722
162 -0.626319 4.39643
174 -0.431507 4.45444
315 -0.328807 4.2197
528 -0.284473 4.44149
67 -0.498164 4.57043
521 -0.145409 4.44175
529 -0.0584063 4.35358
359 -0.372262 4.39564
870 -0.199871 5.24824
1124 -0.253539 5.78427
1123 -0.282007 5.6417
506 -0.560123 4.63977
3 -0.236531 4.30948
139 -0.585014 4.70261
876 -0.573646 4.00851
1106 -0.641505 4.58505
425 -0.564875 4.34938
477 -0.717465 4.8758
44 -0.311665 4.50876
259 -0.34967 4.65627
263 -0.230173 4.00062
10 -0.399522 4.65372
468 -0.495072 4.50336
920 -0.634484 3.95184
735 -0.0810348 4.26526
722 -0.0635649 4.25439
297 -0.354311 4.06983
557 -0.360436 4.35547
95 -0.389074 4.58396
128 -0.122827 4.48744
135 -0.115204 3.95923
171 -0.290933 4.83812
124 -0.0407346 4.56161
520 -0.217233 4.40646
417 -0.401414 4.38424
514 -0.330516 4.14874
32 -0.083939 4.4089
1147 -0.190892 4.3084
640 -0.0728753 4.37314
966 -0.247499 3.91096
960 -0.603084 4.41564
76 -0.540107 4.13149
525 -0.190499 4.32123
548 -0.645905 4.731
507 -0.572858 4.4483
414 -0.356772 4.4767
86 -0.227294 4.64967
964 -0.241415 3.77221
641 -0.0728628 4.34994
91 -0.210166 4.39269
161 -0.644239 4.69495
1120 -0.56265 4.44649
179 -0.500803 4.63314
11 -0.3364 4.29206
314 -0.318339 4.26728
584 -0.252307 4.32736
1078 -0.470363 4.12184
416 -0.348899 3.87154
427 -0.0652227 4.55515
94 -0.301708 4.42268
88 -0.302725 3.97836
732 -0.243498 4.27156
535 -0.163919 4.34486
116 -0.650358 4.47687
878 -0.622439 3.90598
62 -0.164805 4.23273
961 -0.311599 4.13203
288 -0.325113 4.08726
143 -0.630807 4.74126
346 0.278702 5.36083
349 0.288503 5.69171
47 0.117055 4.85936
671 -0.325117 4.31693
513 -0.39626 4.12149
292 -0.357346 4.61384
361 -0.387136 4.20706
1005 -0.362312 3.46276
969 -0.2627 3.78863
537 -0.0787706 4.4653
338 -0.548445 4.10147
1131 -0.396094 4.43287
1107 -0.636209 4.332
1117 -0.575089 4.56127
169 -0.626463 4.34811
632 -0.696146 4.56092
266 -0.418246 4.10408
554 -0.367783 4.16785
784 -0.269488 4.08879
787 -0.360362 4.94115
295 -0.273276 4.43226
120 -0.70895 4.4408
1004 -0.604888 4.4598
868 -0.656117 4.57162
89 -0.253767 4.27067
298 -0.405446 4.30291
1079 -0.369976 4.05565
19 -0.510103 4.66126
449 -0.664993 4.37909
123 -0.655151 4.63541
704 -0.395822 4.38056
541 -0.464317 4.16963
201 -0.57936 4.43627
643 -0.0422671 4.18685
54 0.124513 5.03926
42 0.0189395 4.77281
290 -0.46165 4.24779
352 -0.62624 4.87858
901 -0.613041 4.00045
504 -0.557552 3.86639
933 -0.634307 4.51473
904 -0.627873 3.82633
502 -0.636113 3.88269
1149 -0.254403 4.18615
36 0.160063 4.89941
57 0.158915 4.86231
508 -0.655819 4.0695
148 -0.693882 4.81438
122 -0.695848 4.90323
822 -0.550317 3.84303
891 -0.447705 3.8872
255 -0.448263 4.09064
66 -0.493887 4.57721
971 -0.238488 3.80317
280 -0.385379 4.26265
952 -0.222941 4.02614
200 -0.321776 4.49223
767 -0.111493 4.19574
907 -0.928094 5.39694
900 -1.06593 6.51549
899 -1.0977 6.68963
912 -0.905752 5.4665
432 -0.155359 4.25088
283 -0.200066 4.40821
847 -0.399365 4.25538
81 -0.358018 4.46477
996 -0.546665 4.11005
61 -0.217672 4.4003
596 0.169963 4.2214
142 -0.710009 4.75623
461 -0.629685 4.48189
1001 -0.568289 4.19992
1003 -0.378962 3.62844
408 -0.606838 4.02606
553 -0.522892 3.91258
252 -0.548791 3.97024
419 -0.582992 4.38343
999 -0.559818 3.83277
921 -0.555859 4.03275
937 -0.709782 4.49749
55 0.258563 5.60738
275 0.28655 4.07079
594 0.240772 5.25322
99 -0.307324 4.21706
51 -0.244837 4.49324
83 -0.302482 4.33533
193 -0.434574 4.49519
479 -0.689704 4.36298
489 -0.737949 4.4771
138 -0.445318 4.23317
592 -0.124301 4.36636
451 -0.237183 4.32604
170 -0.303805 4.38735
585 -0.176751 4.41486
877 -0.572938 3.87647
374 -0.606773 3.9055
751 -0.535093 3.49605
261 -0.53425 4.1427
540 -0.194281 3.86371
880 -0.488757 3.7672
453 -0.581484 3.97338
77 -0.460412 4.0857
265 -0.125322 4.46815
312 -0.359023 4.37491
723 -0.202533 4.21024
133 0.0853796 4.33903
645 -0.143267 4.28185
730 0.0235465 4.67942
586 -0.24713 4.17407
2 -0.21523 4.29733
43 -0.261652 4.47377
175 -0.507055 4.52446
589 -0.370884 4.10773
588 -0.505739 4.38179
913 -0.539452 3.69764
337 -0.459996 4.81204
1073 -0.516342 4.00277
1109 -0.652675 4.44147
524 -0.529147 3.77223
204 -0.45694 4.39869
953 -0.186507 4.15869
93 -0.301479 4.37977
347 -0.0336315 3.90056
336 -0.430445 4.75506
323 -0.411221 4.74124
159 -0.633529 4.631
96 -0.301515 4.34329
296 -0.228312 3.36153
814 -0.373196 3.8189
231 -0.388255 4.34201
826 -0.451739 3.85237
52 -0.257059 4.16343
132 -0.139054 4.02411
400 -0.618838 4.49391
560 -0.567688 4.17796
1000 -0.541018 3.80603
634 -0.590525 4.0517
948 -0.692168 4.68875
59 -0.10862 4.21309
60 -0.568995 3.88909
954 -0.263927 3.96059
989 -0.262767 3.41197
429 0.0216698 4.22649
1094 -0.660752 4.51577
512 -0.38801 4.33618
172 -0.419889 4.10991
728 -0.0941434 4.26853
403 -0.361949 4.29685
906 -0.873755 5.30366
903 -0.934326 5.36915
902 -0.902889 5.29766
1154 -0.457308 3.96135
269 -0.485797 4.07484
426 -0.447911 4.05295
241 -0.244581 3.84715
75 -0.223587 3.8558
362 -0.392796 4.28997
625 -0.398478 4.68724
936 -0.668685 4.52214
914 -0.541382 3.95567
736 0.0127871 4.72306
598 -0.604323 4.47038
1118 -0.581632 4.63818
358 -0.38813 4.23802
997 -0.368817 3.45437
626 -0.380254 4.7145
799 -0.252091 3.71975
420 -0.419689 4.29814
423 -0.371759 3.59925
410 -0.26429 4.48372
898 -0.550606 3.85412
500 -0.585275 3.86226
733 -0.274301 4.16509
64 0.154627 4.88479
642 -0.21844 4.06544
992 -0.463392 4.14269
447 -0.636158 4.59244
104 -0.73842 4.88929
973 -0.587254 3.97708
1129 -0.554139 3.7075
1018 -0.600903 3.81161
1022 -0.187808 3.76506
545 -0.106595 3.77883
968 -0.179675 4.33928
639 -0.110397 4.32537
972 -0.293406 3.89276
370 -0.651567 4.81497
764 -0.590583 4.77458
482 -0.668699 4.49051
348 0.283077 5.36828
342 0.317502 5.49874
341 0.269961 5.37159
344 0.301359 5.5094
848 -0.0255623 4.61818
896 -0.520653 3.93094
547 -0.518087 4.29495
103 -0.487535 4.30593
908 -0.952083 5.33617
448 -0.580492 4.44102
542 -0.146788 3.86077
963 -0.236754 4.20272
491 -0.45906 4.37286
183 -0.390996 4.313
919 -0.635222 3.95488
1090 -0.672626 4.41333
1006 -0.453794 4.10478
190 -0.439876 4.50904
775 -0.51709 4.61123
783 -0.512982 4.57292
415 -0.246389 4.46566
63 -0.090884 4.22885
564 -0.589025 3.97309
1007 -0.542731 3.87383
1016 -0.349753 3.60827
945 -0.490401 3.78802
946 -0.497991 4.09642
546 -0.377921 3.59757
199 -0.444615 4.59055
446 -0.54575 4.00444
285 -0.342528 4.26771
819 -0.474564 3.88707
995 -0.528816 4.14682
911 -0.946237 5.41749
867 -0.561531 3.93196
38 0.152322 5.00424
820 -0.456415 3.88683
845 -0.0960587 3.64326
637 -0.62629 3.92417
407 -0.288829 4.38711
411 -0.302917 5.26864
15 -0.580654 3.82786
778 -0.189121 3.3994
742 -0.600924 4.1712
703 -0.576411 3.91608
291 -0.426537 4.24982
39 -0.148729 4.48465
50 -0.303707 4.61222
82 -0.248693 4.27317
526 -0.145022 3.95006
191 -0.571012 4.55024
454 -0.595301 3.97044
593 0.0342016 3.57048
832 -0.327353 3.78331
875 -0.530497 3.83343
294 -0.437163 4.12809
835 -0.481654 4.40439
164 -0.550123 3.68344
459 -0.452211 3.8457
53 -0.354679 3.9247
702 -0.359987 4.21963
959 -0.56398 4.25966
940 -0.520587 3.86762
293 -0.435623 4.2998
665 -0.538268 3.93235
970 -0.346262 3.67925
37 0.0533626 4.51346
916 -0.599471 3.84527
134 -0.144805 3.98247
881 -0.440605 3.88184
478 -0.765192 4.8635
1 -0.684009 4.51227
140 -0.450148 3.87283
373 -0.601238 3.76368
559 -0.570428 3.73909
402 -0.571836 3.99161
289 -0.432655 4.29755
505 -0.537282 3.94394
232 -0.515161 4.42211
58 0.131029 4.91794
456 -0.498272 3.88037
455 -0.590831 3.95639
527 -0.591743 3.94446
250 -0.652607 3.98523
824 -0.51054 4.04257
516 -0.432461 4.26366
865 -0.627909 4.37799
1087 -0.700428 4.50397
145 -0.608042 4.73336
556 -0.365128 3.61755
644 -0.145554 3.99353
405 -0.229801 4.51164
910 -0.554346 3.95332
635 -0.446597 4.11388
144 -0.616013 3.79576
825 -0.497252 4.00128
1020 -0.177082 3.67805
849 0.0151592 4.69393
905 -0.554832 3.85246
457 -0.446238 3.88573
1088 -0.634717 4.44531
1086 -0.64131 4.51458
752 -0.636601 3.94597
884 -0.588867 3.913
1108 -0.684078 4.49125
939 -0.587495 3.81188
40 -0.174857 4.22898
412 -0.277945 4.51196
846 -0.0193182 4.59326
850 -0.00677485 4.52858
816 -0.433044 3.61848
257 -0.444971 3.88848
1002 -0.435041 3.52099
90 -0.317731 4.14151
1077 -0.229016 3.80077
343 -0.406493 3.74091
552 -0.46535 4.2205
813 -0.180926 3.41815
1148 -0.240576 4.36162
242 -0.550373 4.23998
991 -0.600903 3.94185
249 -0.616139 3.76018
413 -0.435422 3.9883
202 -0.437963 3.89395
522 -0.307734 3.83571
544 -0.233029 3.61087
774 -0.610986 4.02398
503 -0.585937 3.83227
1070 -0.531045 4.31974
247 -0.567179 3.80681
460 -0.646719 4.35279
753 -0.657318 4.18138
1083 -0.508014 3.92437
253 -0.641163 4.42619
532 -0.558442 3.88557
270 -0.326114 3.8511
994 -0.348851 3.63614
915 -0.618736 4.09282
1082 -0.206425 3.41874
462 -0.61323 4.52371
307 -0.392012 4.14109
951 -0.159171 3.53513
1009 -0.525578 3.98131
863 -0.408896 4.03486
909 -0.600968 4.05347
823 -0.558142 3.83321
549 -0.353017 3.76831
897 -0.584646 4.00099
1015 -0.548852 4.06216
776 -0.631871 3.89324
274 0.353941 4.94845
418 -0.0896928 3.39864
1075 -0.52851 4.34185
1146 -0.288246 4.14144
1061 -0.621178 4.21011
716 -0.588673 3.91305
1017 -0.522339 3.74076
1021 -0.242283 3.67783
458 -0.497611 3.83518
287 -0.273291 4.08973
523 -0.583222 3.79524
558 -0.409726 4.05107
998 -0.578162 4.2967
636 -0.541183 4.25571
885 -0.632202 3.86966
660 -0.591114 3.95428
321 -0.456996 3.63247
599 -0.56322 4.44468
1074 -0.347676 4.25918
1042 -0.606716 3.98214
421 -0.454149 3.57658
782 -0.534809 3.81158
917 -0.611736 3.95848
218 -0.631821 4.32016
817 -0.465632 3.88617
1081 -0.292152 3.908
815 -0.468084 3.91702
777 -0.267951 4.19017
583 -0.149382 3.49807
941 -0.476265 3.81357
879 -0.591485 3.96348
1069 -0.383306 4.58322
260 -0.499288 4.24833
888 -0.571591 3.96007
254 -0.612251 4.1407
1060 -0.62071 3.87754
121 -0.607666 3.95392
821 -0.436546 3.94649
886 -0.574138 3.94732
818 -0.475831 3.86526
918 -0.575641 3.98425
22 -0.581613 4.15607
424 -0.480134 3.60775
20 -0.374369 4.13627
748 -0.666085 4.1882
750 -0.549705 3.76892
1072 -0.333083 4.26633
935 -0.664879 4.56208
277 -0.325115 3.85462
539 -0.155149 3.78627
1102 -0.554241 3.92134
766 -0.619235 4.04779
