917 10
196 0.588559 0.0999449 -0.862723 -1.18567 -0.838899 0.666425 0.442044 -2.2704 -4.22987 2.74826
69 0.566855 0.0711127 -0.830068 -1.13397 -0.861053 0.649945 0.538701 -2.16141 -4.05513 2.65998
195 0.530931 0.172769 -0.90637 -1.28537 -0.920814 0.737395 0.502351 -2.40587 -4.40494 2.8154
215 0.581686 0.157963 -0.927313 -1.28721 -0.846364 0.677935 0.552203 -2.38255 -4.38491 2.90742
217 0.577739 0.194325 -0.817615 -1.25317 -0.86676 0.688956 0.525275 -2.3294 -4.30708 2.77537
203 0.529961 0.139688 -0.905827 -1.2642 -0.952652 0.699014 0.488586 -2.36825 -4.37121 2.82189
216 0.621454 0.127362 -0.982875 -1.21814 -0.85405 0.74661 0.552144 -2.34328 -4.37862 2.84145
219 0.550736 0.105962 -0.590016 -1.07378 -0.806367 0.533967 0.464883 -2.10046 -3.86957 2.59545
192 0.328507 -0.0670454 -0.663813 -1.02399 -0.667342 0.541145 0.284768 -1.781 -3.29967 2.07179
198 0.490392 -0.0401454 -0.674422 -0.657751 -0.914356 0.390064 0.475905 -1.86931 -3.52194 2.40088
548 0.163868 -0.12556 -0.466888 -0.025815 -0.667958 0.348611 0.535254 -1.53565 -2.89168 1.97847
174 -0.140121 0.209497 -0.115394 -0.082528 -0.270895 0.597797 0.912787 -1.26828 -2.75995 1.78437
1063 -0.0971553 0.382583 -0.116799 0.0430073 -0.297513 0.740407 0.963765 -1.67122 -3.6815 2.04938
363 -0.170527 0.109882 -0.350009 -0.312566 -0.648882 0.623956 0.89431 -1.34341 -3.1487 1.61408
428 -0.307357 -0.0605315 -0.221442 -0.338693 -0.385264 0.227558 0.638852 -1.2439 -2.64666 1.55906
31 -0.269223 -0.0543907 -0.404578 -0.536583 -0.477123 0.448593 0.766938 -1.28082 -2.85734 1.5669
18 -0.0909456 -0.0628813 -0.104747 -0.331424 -0.272229 0.671057 0.388989 -1.43102 -2.71144 1.80116
538 -0.258721 -0.0360258 -0.361605 -0.728247 -0.438587 0.497656 0.720209 -1.40167 -2.89621 1.93115
537 -0.306763 0.0283888 -0.269527 -0.782656 -0.577895 0.376545 0.904853 -1.29744 -2.94231 1.75898
535 -0.235516 -0.0348982 -0.243817 -0.613911 -0.567124 0.450756 0.822198 -1.34749 -2.9562 1.80011
361 -0.130348 0.241756 -0.389071 -0.18524 -0.743597 0.81585 0.70815 -1.66197 -3.47412 1.7018
78 -0.155804 0.0506544 -0.512333 -0.313976 -0.541461 0.693405 0.729045 -1.38737 -3.12519 1.50227
409 -0.153923 -0.0855718 -0.40914 -0.470778 -0.0993542 0.885549 0.524793 -1.38006 -2.81573 1.56636
41 -0.221754 0.126682 -0.439731 -0.557127 -0.522871 0.448088 0.614949 -1.34677 -3.05477 1.55264
417 -0.171627 -0.0992248 -0.209451 -0.0859151 -0.704098 0.353655 0.405629 -1.60766 -3.15791 1.79375
100 -0.0350981 -0.117364 -0.336399 -0.110632 -0.660422 0.441336 0.528172 -1.49923 -3.05406 1.55936
2 -0.137162 -0.246144 -0.380105 -0.419504 -0.28764 0.451565 0.455704 -1.27832 -2.67318 1.36774
11 0.094391 -0.213876 -0.505631 -0.419237 -0.308644 0.689232 0.717508 -1.14084 -2.66603 1.23489
35 -0.0426093 -0.0362124 -0.629554 -0.607149 -0.60495 0.465996 0.78947 -1.28275 -2.94212 1.46509
130 -0.211555 0.110006 -0.344359 -0.832951 -0.6983 0.333839 0.846513 -1.32239 -3.01836 1.8516
49 -0.169198 0.0844686 -0.420438 -0.848408 -0.647235 0.436763 0.937229 -1.27001 -3.1772 1.53459
641 -0.136834 0.0786721 -0.544451 -0.690919 -0.612719 0.678816 1.08641 -1.26971 -3.16882 1.51232
525 -0.175847 -0.0503705 -0.4427 -0.649427 -0.537953 0.478035 0.787957 -1.22441 -2.98189 1.34589
95 -0.0855601 -0.0236777 -0.304041 -0.510515 -0.763896 0.457179 0.633914 -1.52705 -3.35697 1.54146
962 0.147686 -0.0766145 -0.509509 -0.238204 -0.958183 0.470666 0.726607 -1.4933 -3.42413 1.43203
137 0.105905 -0.104265 -0.23373 -0.314379 -0.281065 0.771849 0.70434 -1.2162 -2.72559 1.48403
419 -0.163328 -0.0280003 -0.384046 0.116591 -0.245265 1.03698 0.954435 -1.36655 -3.00552 1.81765
901 -0.282047 0.00933267 -0.302312 -0.552004 0.203604 1.21244 0.186849 -2.51712 -3.99988 3.26469
921 -0.300308 0.0530577 -0.217985 -0.622557 0.191199 1.20095 0.209538 -2.47022 -3.95263 3.25756
888 0.044313 -0.270189 0.135011 -0.302853 -0.402846 0.506445 0.865718 -1.49358 -3.38238 1.39847
565 -0.305525 -0.258115 0.0588131 -0.356709 -0.312965 0.284259 0.531173 -1.31242 -2.95787 1.1759
126 -0.232978 -0.117739 -0.194058 -0.516251 -0.423514 0.482772 0.653254 -1.3028 -2.89846 1.44149
529 -0.229687 0.0634341 -0.288741 -0.709321 -0.479901 0.491393 0.663753 -1.39815 -3.16861 1.42223
645 -0.256344 -0.0124805 -0.245973 -0.719903 -0.32756 0.500692 0.646446 -1.32547 -3.0126 1.20679
46 -0.237536 0.0581915 -0.353434 -0.722192 -0.498558 0.569251 0.708881 -1.3936 -3.04515 1.64735
646 -0.00921568 0.0165913 -0.545863 -0.687913 -0.769784 0.560495 1.02778 -1.26033 -3.18609 1.48619
181 -0.136585 0.127625 -0.633 -0.0492566 -0.620707 0.830506 0.776663 -1.59135 -3.37008 1.72197
1003 0.0797144 0.373994 -0.534549 -0.340831 -0.539221 1.49904 0.717705 -2.25265 -4.25539 2.30284
1002 0.125577 0.429155 -0.649643 -0.274908 -0.518493 1.53286 0.842994 -2.13335 -4.23916 2.23906
998 -0.00231267 0.377745 -0.595445 -0.295678 -0.520258 1.4238 0.799428 -2.07987 -4.10642 2.27773
996 0.00399868 0.349358 -0.472529 -0.366774 -0.490274 1.50477 0.785233 -2.12345 -4.09344 2.30216
995 0.077763 0.29564 -0.420778 -0.4067 -0.418038 1.51051 0.735183 -2.12459 -4.06271 2.32188
1000 0.0429058 0.238464 -0.0541408 -0.518472 -0.454572 1.22105 0.733073 -1.70622 -3.41868 2.00073
999 0.178719 0.216496 -0.0982454 -0.5279 -0.543631 1.19098 0.737627 -1.70762 -3.3916 1.92338
1007 0.104129 0.261842 -0.133033 -0.552361 -0.508065 1.21643 0.704851 -1.73775 -3.4047 2.03635
70 0.206915 -0.0095801 -0.147827 -0.480511 -0.53467 0.705506 0.706047 -1.34576 -2.79366 1.71539
54 -0.173997 -0.216565 -0.271733 -0.691082 -0.751961 -0.135797 1.11526 -1.30316 -3.3698 1.54292
24 -0.135811 -0.281749 -0.434102 -0.721356 -0.720592 -0.0274802 1.00503 -1.30964 -3.16609 1.55269
427 -0.108112 -0.173948 -0.582534 -0.669856 -0.584445 0.191369 0.696574 -1.30674 -2.8987 1.53056
212 0.0586833 -0.124777 -0.176452 -0.0417206 -0.54441 0.404787 0.524149 -1.40342 -2.81159 1.79394
175 0.144957 -0.0339987 -0.241211 0.0371901 -0.281835 0.164319 0.411243 -1.38587 -2.80983 1.52557
764 0.0937525 -0.102216 -0.0389093 -0.270991 -0.554761 0.166938 0.55072 -1.37192 -2.64228 1.81213
262 0.22825 -0.0420457 -0.440784 -0.245937 -0.909519 0.24153 0.768625 -1.42546 -3.05777 1.78098
119 0.049704 -0.139381 -0.175106 -0.567244 -0.188564 0.486801 0.47862 -1.10666 -2.33683 1.5658
84 -0.220159 0.0370621 -0.229296 -0.437668 -0.456512 0.518106 0.508938 -1.45862 -3.12974 1.44744
27 -0.202857 0.0109232 -0.465659 -0.780787 -0.578183 0.157036 0.81094 -1.34289 -3.05167 1.70625
1149 -0.360371 -0.109255 -0.0531819 -0.546943 -0.425111 0.225218 0.430303 -1.2466 -2.67701 1.46371
28 -0.0789312 -0.04337 -0.375668 -0.429687 -0.572643 0.201081 0.724485 -1.2574 -2.87717 1.33371
349 -0.0713715 -0.0635297 -0.882393 -0.676965 -0.809739 -0.0999376 1.13306 -1.45643 -3.64981 1.82155
348 0.0459772 -0.0621322 -0.981985 -0.487065 -0.820243 0.0370412 1.1285 -1.49678 -3.67023 1.74119
341 0.130533 -0.174122 -0.913775 -0.602062 -0.894202 0.100804 1.22525 -1.46038 -3.70925 1.7552
61 0.297047 -0.151005 -0.634914 -0.400727 -0.877906 0.468694 1.29621 -1.26027 -3.40081 1.55475
255 0.305357 -0.0535183 -0.577301 -0.458263 -1.0143 0.469587 1.15316 -1.23253 -3.23482 1.47422
1109 0.0388017 -0.380825 0.0821917 -0.310987 -0.0497328 0.800203 0.981919 -1.29732 -2.99848 1.60754
146 -0.0394355 0.0808166 0.0950949 -0.329526 -0.153299 0.684149 1.04166 -1.22301 -2.91296 1.70308
444 0.0732096 -0.0588643 0.167008 -0.346124 -0.37661 0.486655 1.06817 -1.27071 -3.06435 1.47455
10 0.148851 -0.111368 0.0104766 -0.340379 -0.437987 0.505895 1.06368 -1.22559 -3.05909 1.47239
163 0.337871 0.00880163 -0.108834 -0.584842 -0.472865 0.870386 0.974154 -1.32947 -3.00361 1.6152
122 0.216752 -0.202183 -0.00883495 -0.404388 -0.232533 0.69497 0.754574 -1.33581 -2.94366 1.62404
370 0.145429 -0.221176 0.029367 -0.332808 -0.331977 0.585077 0.746338 -1.28042 -2.73222 1.70042
143 0.157633 -0.0229242 0.0361541 -0.376341 -0.497877 0.573185 0.695799 -1.33359 -2.83327 1.59343
480 0.287731 -0.122106 0.132915 -0.803087 -0.632039 0.625948 0.730577 -1.5134 -3.27539 1.61855
479 0.208092 -0.0640235 0.296809 -0.820073 -0.632172 0.788918 0.748898 -1.67392 -3.52686 1.7332
477 0.206521 -0.129215 0.125372 -0.638847 -0.453664 0.602599 0.76677 -1.34944 -2.96435 1.70021
352 0.252157 -0.0539572 0.111485 -0.559506 -0.484086 0.678609 0.968751 -1.48945 -3.38991 1.46983
599 0.149666 -0.203602 0.0293991 -0.42243 -0.60589 0.323697 0.978057 -1.39489 -3.34884 1.23068
671 -0.198792 0.0162007 -0.14629 -0.328075 -0.64091 0.415964 0.284788 -1.76752 -3.52129 1.56359
293 -0.117082 -0.0113792 -0.139331 -0.302074 -0.582262 0.495964 0.279188 -1.77315 -3.35941 1.69178
17 -0.00793417 -0.0194087 -0.38993 -0.350614 -0.775668 0.499545 0.535655 -1.61916 -3.41394 1.64933
105 0.102853 -0.012587 -0.570879 -0.198029 -0.856071 0.474626 0.867461 -1.35447 -3.16261 1.51809
546 0.00285605 0.177147 -0.309015 -0.373684 -0.826495 0.519509 0.472779 -1.89352 -3.70581 1.82352
26 -0.285553 -0.0313144 -0.395906 -0.670021 -0.541594 0.237551 0.768661 -1.28127 -2.95364 1.73843
726 -0.237791 0.254373 -0.290782 -1.0458 -0.775104 0.426806 0.838134 -1.42799 -3.16 1.90203
729 -0.283992 0.254098 -0.332603 -0.892021 -0.702456 0.338228 0.889418 -1.3407 -3.02387 1.8307
48 -0.116291 -0.0456889 -0.410359 -0.555951 -0.389542 0.600533 0.60653 -1.33822 -2.85932 1.53873
87 -0.101438 0.044557 -0.476122 -0.485174 -0.430783 0.783017 0.450846 -1.47624 -2.98224 1.59555
732 -0.3038 0.00096874 -0.369305 -0.834847 -0.398018 0.509998 0.551068 -1.51906 -2.91352 2.03478
733 -0.240993 -0.0778436 -0.271519 -0.840902 -0.422867 0.45999 0.490815 -1.48077 -2.86103 1.91905
295 -0.00779483 -0.115664 -0.472577 -0.456745 -0.732809 0.485361 0.823439 -1.32171 -2.9701 1.5365
723 -0.322963 -0.0165598 -0.26266 -0.82914 -0.371959 0.545463 0.498335 -1.57342 -3.03748 2.07215
731 -0.260741 -0.0999063 -0.3179 -0.754032 -0.417164 0.564591 0.589905 -1.45498 -2.93966 1.90244
323 6.63488e-05 -0.222001 -0.0666261 -0.412877 -0.599021 0.290755 1.31136 -1.42468 -3.89192 1.33549
247 0.0753855 -0.287562 0.10806 -0.367578 -0.510527 0.468696 1.08158 -1.62356 -3.97307 1.39701
886 0.030136 -0.277622 0.172027 -0.323835 -0.394683 0.58823 0.726969 -1.60776 -3.5245 1.41169
887 0.0245754 -0.293569 0.157076 -0.285298 -0.366165 0.518956 0.850866 -1.60111 -3.47127 1.53409
884 0.0853834 -0.345 0.107589 -0.384063 -0.466837 0.530367 0.896907 -1.5297 -3.50064 1.45584
925 0.35299 -0.0087383 -0.255799 -0.672915 -0.515196 1.03906 1.17278 -1.87932 -4.28033 1.84898
929 0.40782 0.0223959 -0.17941 -0.461461 -0.484771 1.08721 1.1912 -1.8414 -4.26779 1.84379
7 0.133335 0.00688016 -0.363357 -0.278453 -0.627251 0.734493 1.18501 -1.24081 -3.05203 1.68908
865 0.214553 0.13222 -0.655276 -0.370628 -0.309742 1.19262 0.889575 -1.53627 -2.94847 2.248
868 0.14161 0.170983 -0.623613 -0.335689 -0.281366 1.14767 0.910738 -1.53564 -2.90012 2.30874
120 0.192796 0.369011 -0.791251 -0.615892 -0.383157 1.04509 1.29724 -1.72116 -3.58314 2.81305
800 0.284286 0.850219 -1.22121 -1.08708 -0.536424 1.36759 1.62173 -2.37616 -4.83998 3.41198
803 0.337075 0.855581 -1.29218 -1.16406 -0.575183 1.45483 1.65386 -2.3785 -4.9445 3.42107
794 0.285439 0.906865 -1.21708 -1.23451 -0.509362 1.40416 1.59573 -2.38757 -4.8956 3.41947
793 0.339496 0.810959 -1.22685 -1.149 -0.557867 1.40062 1.66878 -2.30685 -4.86731 3.40791
804 0.315062 0.868847 -1.23297 -1.17502 -0.548564 1.38557 1.62873 -2.33935 -4.85694 3.3252
194 0.0672236 -0.114284 -0.114704 -0.185418 -0.471119 0.306771 0.653045 -1.22066 -2.56447 1.72837
460 0.0984371 -0.249725 0.0150108 -0.317135 -0.0803742 0.599695 0.917342 -1.24181 -2.86089 1.62354
1107 0.00346758 -0.37025 0.092189 -0.266358 0.00409889 0.73378 1.00151 -1.21923 -2.94766 1.54549
690 0.170013 0.309678 -0.319255 -0.240284 -0.141757 0.396744 0.758899 -1.93704 -4.21217 2.07421
700 0.170268 0.238251 -0.462102 -0.173663 -0.16377 0.35535 0.703742 -1.90076 -4.07189 2.07069
686 0.0583362 0.424859 -0.34706 -0.291751 -0.0775225 0.392728 0.787777 -1.9839 -4.26041 2.07807
191 0.191204 0.0459705 -0.203734 0.0245846 -0.243344 0.295303 0.472848 -1.49775 -3.0427 1.63444
687 0.271435 0.187992 -0.368291 -0.0420748 -0.212541 0.493703 0.604792 -1.81876 -3.84767 1.9321
697 0.215849 0.289591 -0.388933 -0.206484 -0.127031 0.457464 0.717948 -1.94064 -4.15256 2.06508
680 0.147478 0.290005 -0.378411 -0.237187 -0.12612 0.388683 0.777392 -1.92378 -4.14225 2.1115
689 0.107211 0.373261 -0.423112 -0.300712 -0.157435 0.462101 0.763086 -2.07471 -4.4468 2.19339
692 0.145661 0.373489 -0.375835 -0.26688 -0.154949 0.37997 0.791949 -2.02227 -4.37148 2.16306
685 0.118261 0.404717 -0.448593 -0.251148 -0.112868 0.475028 0.852348 -2.0405 -4.41197 2.12995
698 0.184942 0.31994 -0.375473 -0.278468 -0.116942 0.484235 0.775478 -2.01298 -4.32783 2.1439
701 0.119732 0.382612 -0.338465 -0.202375 -0.172804 0.423943 0.817827 -2.03323 -4.36382 2.0938
696 0.123512 0.414468 -0.381597 -0.214465 -0.214943 0.442874 0.746408 -2.07228 -4.3926 2.17909
675 0.167448 0.304009 -0.389722 -0.242807 -0.0894146 0.381075 0.829817 -1.96067 -4.21867 2.05531
683 0.267555 0.274087 -0.390763 -0.218738 -0.142983 0.497502 0.654397 -1.95284 -4.18242 2.05923
699 0.224429 0.303429 -0.390157 -0.161908 -0.192875 0.505963 0.791824 -1.99362 -4.25635 2.12527
6 -0.0490987 0.369571 -0.0273478 -0.207248 -0.0811634 0.357188 1.06459 -1.51685 -3.57063 1.85633
1034 -0.258065 0.356689 0.0946018 -0.178671 -0.137367 0.743625 1.28199 -1.58515 -3.69766 2.13211
1078 0.0350061 -0.143608 -0.225521 -0.0464997 -0.4265 0.0530818 0.62935 -1.21962 -2.47995 1.77254
193 0.107051 0.0526918 -0.102427 -0.365264 -0.572976 0.193722 0.862367 -1.30194 -2.68258 2.03594
204 0.178219 -0.0251879 -0.360435 -0.00597825 -0.134274 0.371297 0.490617 -1.29573 -2.73845 1.53903
102 0.0711858 -0.180285 0.128525 -0.357047 -0.424445 0.43547 0.655688 -1.3057 -2.87202 1.42547
1037 -0.297905 0.398095 0.0185909 -0.306876 -0.107549 0.645189 1.36928 -1.49411 -3.67845 2.13065
1024 -0.292596 0.377066 0.058363 -0.24615 -0.0742155 0.725518 1.30306 -1.60431 -3.68393 2.24958
1033 -0.245563 0.429473 0.0398936 -0.277842 -0.0122255 0.667729 1.35546 -1.60691 -3.76509 2.20346
129 -0.10885 0.217406 -0.0844221 -0.308081 -0.379996 0.170207 0.966995 -1.15641 -2.58883 1.86063
727 -0.20355 0.00996676 -0.412216 -0.61489 -0.603937 0.169927 0.77862 -1.24595 -2.77877 1.69556
34 -0.16698 -0.0784858 -0.726989 -0.347586 -0.317116 0.640626 0.602951 -1.43687 -2.93843 1.66234
171 0.0842468 -0.13794 -0.67968 -0.730175 -0.369203 0.637226 0.696053 -1.38379 -3.00175 1.45804
1022 0.119077 -0.0444642 -0.682698 -0.636084 -0.170119 0.854153 0.641432 -1.25037 -2.84379 1.10587
5 -0.195326 0.0180422 -0.298081 -0.53069 -0.0639383 0.684605 0.637847 -1.27571 -2.99284 1.10355
640 -0.0852896 0.0779876 -0.563708 -0.869909 -0.671915 0.686245 1.05689 -1.25796 -3.1354 1.58202
521 -0.209468 -0.00316546 -0.292289 -0.782161 -0.38707 0.535926 0.762367 -1.23808 -2.91605 1.41982
430 -0.218312 -0.020313 -0.401588 -0.720579 -0.460656 0.43697 0.679832 -1.31714 -2.83885 1.60398
81 -0.0263245 -0.126787 -0.411262 -0.423911 -0.595521 0.655839 0.569844 -1.4237 -3.02965 1.44423
25 -0.0877823 0.112408 -0.392254 -0.564224 -0.557514 0.605222 0.508009 -1.36314 -2.98462 1.47242
951 -0.182654 0.303646 -0.374109 -0.331079 -0.58754 0.659642 0.544971 -1.37213 -2.99421 1.36764
520 -0.123428 -0.0590777 -0.45231 -0.551864 -0.496724 0.538574 0.75996 -1.26287 -2.92233 1.29493
101 -0.212372 0.0160338 -0.163873 -0.321582 -0.636061 0.588826 0.467292 -1.58753 -3.22878 1.76541
56 0.021241 -0.363805 -0.21839 -0.476904 -0.731873 -0.000776143 1.29823 -1.18894 -3.36655 1.35699
844 0.109243 -0.345482 -0.123274 -0.387521 -0.710655 0.160589 1.21064 -1.17126 -3.29229 1.14639
847 0.121602 -0.211552 -0.0814814 -0.338657 -0.603261 0.356864 1.1919 -1.07411 -2.90389 1.22426
885 0.0972358 -0.215755 0.110789 -0.360185 -0.373417 0.59103 0.82551 -1.52867 -3.40918 1.41755
634 -0.0980164 0.0267173 -0.108199 -0.207692 -0.387124 0.542133 0.538286 -1.33489 -2.57302 1.53527
765 0.0483115 -0.196748 -0.160678 -0.141086 -0.453112 0.420394 0.688638 -1.34428 -2.60293 2.08742
468 0.186607 -0.072315 -0.319921 -0.197023 -0.509147 0.375478 0.722908 -1.31475 -2.6434 2.02219
231 -0.0100307 0.0275021 0.0242177 -0.266536 -0.558788 0.366814 0.608507 -1.32016 -2.72669 1.85167
507 0.0464227 -0.117858 0.0100508 -0.233409 -0.472435 0.419292 0.796901 -1.26566 -2.64305 1.90151
199 0.0532221 -0.0712916 -0.17525 -0.0350445 -0.398638 0.379142 0.684526 -1.34492 -2.65938 1.84003
67 0.135665 0.0941587 0.218863 -0.85549 -0.559293 0.772934 0.70276 -1.56152 -3.25909 1.7306
474 0.172721 0.376885 0.471666 -1.43121 -0.675649 1.04447 0.585167 -2.32576 -4.51753 2.21659
488 0.162906 0.357581 0.503274 -1.33731 -0.73564 0.96691 0.500034 -2.30867 -4.52179 2.16207
470 0.110271 0.379842 0.565725 -1.32695 -0.630331 1.02715 0.536531 -2.39003 -4.46551 2.42091
271 -0.142852 0.167711 -0.172751 -0.495515 -0.893327 0.366775 0.69686 -1.52812 -3.2752 1.68606
124 -0.139046 0.137823 -0.513063 -0.766038 -0.681068 0.42995 0.967785 -1.26443 -2.9216 1.82227
133 -0.280946 0.0360169 -0.555818 -0.77714 -0.464504 0.460074 1.07079 -1.18251 -2.7957 1.94264
128 -0.0977014 -0.0562009 -0.612588 -0.555981 -0.51357 0.610796 1.15347 -1.14883 -2.80784 1.71618
813 -0.093802 0.278206 -0.273534 -0.522776 -0.242161 0.669141 0.535721 -1.24589 -2.90622 0.934167
291 -0.043121 0.0163887 -0.0379096 -0.396778 -0.609689 0.579998 0.348975 -1.66226 -3.1406 1.79725
43 -0.254299 -0.146146 -0.0846746 -0.513694 -0.416428 0.427484 0.633039 -1.39932 -2.96557 1.55788
724 -0.252469 0.193384 -0.282829 -1.10383 -0.730351 0.425164 0.866591 -1.39821 -3.12138 1.89551
316 -0.171755 0.0285614 -0.449706 -0.255488 -0.472416 0.706544 0.397682 -1.6119 -3.17991 1.75315
42 -0.239609 -0.149995 -0.292035 -0.515448 -0.559565 0.0931449 0.769927 -1.29703 -2.93274 1.64012
38 -0.146543 -0.125872 -0.4166 -0.747997 -0.743221 -0.181051 0.976051 -1.21692 -2.97608 1.60516
47 -0.180332 -0.112012 -0.5892 -0.554818 -0.724051 0.0138032 1.13052 -1.25514 -3.24029 1.59762
62 -0.289729 -0.140842 -0.368417 -0.431013 -0.399298 0.243732 0.689298 -1.23453 -2.75642 1.61155
771 -0.172248 -0.211676 -0.334482 -0.50396 -0.105694 0.806073 0.547839 -1.35705 -2.87311 1.54121
1118 -0.00260039 -0.197067 -0.390575 -0.506601 0.000378594 1.02838 0.48354 -1.37874 -2.76374 1.58952
414 -0.0708343 -0.170255 -0.594056 -0.512308 -0.171692 0.899902 0.455601 -1.49194 -2.97885 1.54177
315 -0.258258 0.0618588 -0.682604 -0.256047 -0.361321 0.881171 0.43735 -1.64796 -3.2319 1.85075
97 -0.114577 0.100979 -0.311661 -0.188247 -0.581801 0.681478 0.405124 -1.65026 -3.2258 1.82643
360 -0.150142 0.187469 -0.318492 -0.222772 -0.760709 0.595052 0.514792 -1.75047 -3.51664 1.69373
278 -0.186255 0.330139 -0.295586 -0.127674 -0.786591 0.677287 1.08973 -1.61858 -3.7717 1.51182
617 -0.0282261 0.645675 -0.650079 -0.457918 -0.8831 0.973845 1.67545 -2.1858 -5.30338 2.13656
285 -0.0859245 0.17281 -0.309231 -0.372577 -0.669914 0.824369 0.917045 -1.52319 -3.73843 1.05947
277 -0.133124 0.171059 -0.286206 -0.164638 -0.683721 0.850392 1.21618 -1.68433 -4.21073 1.18281
91 -0.119555 0.0975215 -0.253239 -0.553988 -0.564535 0.796641 0.83726 -1.51279 -3.62904 1.29308
359 -0.0076536 0.100499 -0.366415 -0.211382 -0.899796 0.51191 0.725623 -1.64027 -3.58105 1.64138
298 -0.0719918 -0.0352243 -0.432742 0.0793403 -0.787046 0.503059 0.644234 -1.68444 -3.30853 1.96739
286 -0.191895 -0.133283 -0.450491 -0.0236763 -0.293221 0.758152 0.605449 -1.31547 -2.71246 1.88752
139 0.309102 -0.204082 -0.282394 -0.294602 -0.562693 0.480332 0.792696 -1.20056 -2.68918 1.32867
934 0.120607 -0.0900626 -0.159957 -0.304186 -0.183949 0.866571 0.810409 -1.19005 -2.74911 1.60375
23 -0.0312747 -0.12167 -0.285348 -0.16323 -0.351958 0.425108 0.469334 -1.30077 -2.6101 1.5441
312 -0.223136 0.0626877 -0.686523 -0.275399 -0.388366 0.78365 0.396478 -1.64588 -3.24237 1.84223
83 -0.217442 0.0894058 -0.676667 -0.306316 -0.381113 0.817844 0.394181 -1.69543 -3.2275 1.91661
555 -0.219835 0.0856859 -0.191164 -0.223183 -0.61709 0.349292 0.474951 -1.45934 -3.00622 1.64762
179 0.0352668 -0.0577106 -0.346319 -0.0357256 -0.455775 0.484514 0.727686 -1.28159 -2.72956 1.85048
785 0.174408 -0.0798637 -0.580022 -0.0705733 -0.77856 0.320459 0.761508 -1.49685 -2.85865 2.1486
781 0.28951 -0.0952756 -0.639223 -0.124323 -0.836805 0.337683 0.694078 -1.68426 -3.13101 2.3016
780 0.228786 -0.0412631 -0.590714 -0.0664139 -0.806822 0.287582 0.638805 -1.69582 -3.08045 2.33944
260 0.0319782 -0.03893 -0.465727 0.0167483 -0.700074 0.322999 0.54442 -1.47195 -2.84265 1.89527
294 0.0260423 -0.132096 -0.450561 0.168715 -0.542621 0.374121 0.524836 -1.40293 -2.73421 1.87704
104 0.167247 -0.175191 -0.078528 -0.662814 -0.15205 0.69771 0.879202 -1.24339 -2.69688 1.79864
584 -0.233369 0.013055 -0.279006 -0.725871 -0.429041 0.63683 0.545694 -1.41182 -2.9122 2.01696
311 -0.229894 0.128568 -0.510779 -0.296908 -0.336046 0.729675 0.463199 -1.48966 -3.01541 1.80114
317 -0.230247 0.143634 -0.648757 -0.193223 -0.345632 0.822492 0.42499 -1.60464 -3.1184 1.91721
955 -0.0352656 -0.0660535 -0.784641 -0.428686 -0.546727 0.616047 0.946543 -1.22563 -3.03508 1.3091
404 -0.15268 -0.0871585 -0.496299 -0.702345 -0.156636 0.883461 0.382391 -1.4014 -2.87546 1.67433
79 -0.15215 0.0600361 -0.547137 -0.459074 -0.366533 0.828065 0.342855 -1.6025 -3.03542 1.76556
289 0.0235438 0.111186 -0.371464 -0.281235 -0.431103 0.918402 0.671434 -1.25571 -2.78423 1.52192
551 -0.0873627 0.104456 -0.258935 -0.292462 -0.706327 0.523066 0.357174 -1.5976 -3.10205 1.79095
80 -0.286648 0.0634099 -0.314753 -0.352367 -0.489374 0.480717 0.449568 -1.4673 -2.91078 1.7301
558 -0.208307 -0.0081973 -0.128208 -0.28658 -0.545233 0.581481 0.398467 -1.64165 -3.05444 1.79711
552 -0.156389 -0.0109415 -0.215115 -0.24442 -0.561194 0.62043 0.270673 -1.63947 -3.11445 1.81708
103 -0.116531 0.0491193 -0.106299 -0.339923 -0.531491 0.652497 0.286923 -1.62615 -3.06176 1.79799
98 -0.0685147 0.0693183 -0.591161 -0.327977 -0.356547 0.851773 0.329456 -1.561 -2.99399 1.80716
547 -0.0842699 -0.157146 -0.406102 0.166831 -0.597584 0.353159 0.499946 -1.4836 -2.77917 1.97022
788 0.179958 0.0679265 -0.574485 -0.0701542 -0.809187 0.297963 0.757789 -1.59621 -3.0175 2.20618
209 0.522586 0.137444 -0.705544 -1.11808 -0.794931 0.631363 0.428441 -2.14511 -3.93779 2.59525
205 0.271315 0.0422172 -0.413455 -0.604382 -0.544407 0.353882 0.256774 -1.45251 -2.688 1.81666
200 0.146064 -0.0522994 -0.0205944 -0.582777 -0.594646 0.301284 0.376952 -1.36879 -2.70311 1.51308
190 0.074747 -0.136823 -0.187114 -0.107507 -0.407149 0.287903 0.622453 -1.3168 -2.66516 1.82279
589 -0.113733 -0.184364 -0.635798 -0.178651 -0.0805064 1.12967 0.695873 -1.37752 -2.93799 1.90483
515 -0.102658 -0.0263018 -0.501835 -0.128403 -0.631292 0.43277 0.644975 -1.40709 -2.89353 1.75985
554 -0.211055 0.0632324 -0.052973 -0.341058 -0.682092 0.385512 0.433538 -1.52186 -3.04887 1.71449
362 -0.133781 0.282376 -0.388307 -0.233403 -0.777602 0.758196 0.806884 -1.59623 -3.48672 1.6414
127 -0.250106 0.115118 -0.345375 -0.943401 -0.737087 0.344703 1.2217 -1.30573 -3.20275 1.92065
136 -0.210868 -0.00375491 -0.454615 -0.888467 -0.678888 0.24887 1.06834 -1.22743 -2.97631 1.75208
536 -0.304644 -0.0068357 -0.26941 -0.641377 -0.625627 0.396634 0.956523 -1.33901 -3.04291 1.76865
736 -0.269297 0.26948 -0.415978 -1.01215 -0.76489 0.340461 0.829046 -1.43854 -3.17679 1.94932
1147 -0.12707 -0.102351 -0.553647 -0.636784 -0.377048 0.408805 0.7729 -1.08904 -2.45715 1.58805
514 -0.122044 0.167128 -0.499829 0.00801171 -0.897608 0.612288 0.912049 -1.68044 -3.65568 1.81763
357 -0.151673 0.266695 -0.416273 -0.22287 -0.732435 0.828506 0.805753 -1.63414 -3.49826 1.71723
93 -0.175262 0.0360177 -0.521187 -0.492195 -0.275252 0.839342 0.302963 -1.55367 -3.04872 1.76692
566 0.129083 -0.00471776 0.125017 -0.692122 -0.29625 0.789388 0.874737 -1.24706 -3.11878 1.2989
1040 -0.319663 0.354068 0.0251907 -0.174526 -0.0947486 0.721721 1.30491 -1.62009 -3.7114 2.23429
694 0.180093 0.240789 -0.324056 -0.0688169 -0.197087 0.429387 0.690607 -1.92878 -4.09511 1.96618
674 0.173597 0.390866 -0.434885 -0.162146 -0.181191 0.480192 0.843197 -2.07262 -4.39949 2.1356
679 0.140354 0.347984 -0.392366 -0.174209 -0.155558 0.482917 0.747088 -1.98058 -4.19964 2.02755
607 -0.326834 0.443658 0.036711 -0.246432 -0.363586 0.667389 1.34189 -1.53503 -3.66646 2.02997
612 -0.214673 0.571484 -0.228161 -0.280807 -0.736186 0.724724 1.37832 -1.7669 -4.32768 1.75494
1039 -0.314071 0.350989 0.0787626 -0.283212 -0.101878 0.678586 1.32225 -1.55814 -3.63216 2.21822
1025 -0.248312 0.399255 0.155811 -0.340264 -0.0758633 0.689603 1.26801 -1.54621 -3.73393 2.08257
1038 -0.268666 0.381467 0.0616591 -0.287889 -0.122517 0.784531 1.33053 -1.55654 -3.71367 2.16619
161 0.354294 0.052225 -0.0754808 -0.566438 -0.504919 0.786407 1.01064 -1.29933 -2.99074 1.53547
150 0.334098 -0.0720098 -0.110814 -0.619941 -0.394848 0.891753 0.886022 -1.34052 -2.97804 1.66062
176 0.0620323 -0.00233767 -0.0114057 -0.187521 -0.443202 0.411847 1.26244 -1.41561 -3.48677 1.51956
180 0.0914763 0.106605 0.06283 -0.198505 -0.354441 0.432187 1.15343 -1.42569 -3.48274 1.51648
677 0.126464 0.423506 -0.364586 -0.29546 -0.144611 0.455629 0.858705 -2.11429 -4.38866 2.14434
207 0.569006 0.22661 -0.89732 -1.34832 -0.873005 0.764235 0.512853 -2.42879 -4.51994 2.82239
210 0.513874 0.135569 -0.796732 -1.19854 -0.84412 0.712286 0.449048 -2.32752 -4.24803 2.72742
221 0.579032 0.173918 -0.879485 -1.35653 -0.900388 0.7102 0.525303 -2.37794 -4.42043 2.78395
213 0.567968 0.141829 -0.882209 -1.30588 -0.865288 0.689523 0.482911 -2.36781 -4.41692 2.84328
206 0.498164 0.167032 -0.861034 -1.22878 -0.86492 0.776199 0.506662 -2.26769 -4.17964 2.67922
197 0.55127 0.209387 -0.861542 -1.16444 -0.906635 0.679712 0.520305 -2.26893 -4.33401 2.68691
779 0.28077 -0.204776 -0.641984 -0.0612961 -0.877457 0.188842 0.701175 -1.73172 -3.24669 2.27503
125 -0.0743149 -0.0402094 -0.627168 -0.618947 -0.607322 0.794169 1.19891 -1.26285 -3.14946 1.63485
222 0.127732 -0.19309 -0.13416 -0.0385583 -0.371481 0.246709 0.485784 -1.35428 -2.71101 1.73988
1006 0.0362049 0.362054 -0.500296 -0.321216 -0.522308 1.44764 0.749645 -2.12796 -4.08264 2.26653
314 -0.213489 0.102067 -0.663473 -0.23951 -0.406744 0.846356 0.416181 -1.65923 -3.22721 2.00087
526 -0.0930019 0.213731 -0.204218 -0.905536 -0.450608 0.656826 0.372952 -1.31879 -2.88399 1.17744
415 -0.167384 -0.0611461 -0.490616 -0.648355 -0.127707 0.955522 0.358725 -1.43016 -2.90431 1.61199
406 -0.146836 -0.10044 -0.624157 -0.606793 -0.153269 0.930974 0.368284 -1.48806 -2.98588 1.74332
86 -0.126255 0.00654199 -0.417268 -0.588364 -0.497879 0.646135 0.819297 -1.35197 -3.27631 1.28931
165 0.545487 0.723967 -0.572484 -1.8932 -1.05006 0.786203 1.94484 -2.27291 -5.71418 2.13488
147 0.527193 0.704632 -0.560254 -1.87923 -0.975987 0.777626 1.85656 -2.19306 -5.6113 2.12584
155 0.537744 0.73786 -0.550338 -1.87584 -1.04311 0.782646 1.94645 -2.24163 -5.7353 2.17191
141 0.546479 0.670542 -0.559178 -1.81075 -1.01085 0.828315 1.90935 -2.19603 -5.63873 2.11858
140 0.537309 0.443909 -0.526869 -1.35438 -0.933302 0.650149 1.88096 -1.79277 -4.78578 1.7113
153 0.516632 0.673665 -0.577467 -1.82225 -1.04827 0.745113 1.97887 -2.18899 -5.68864 2.13419
156 0.535724 0.708736 -0.571608 -1.84788 -1.02221 0.804722 1.89116 -2.19085 -5.69626 2.10472
164 0.561629 0.521192 -0.559197 -1.58415 -1.07297 0.705405 1.90433 -1.97602 -5.20022 1.91472
162 0.415255 0.0916861 -0.249278 -0.750403 -0.723267 0.483501 1.24074 -1.21974 -3.17536 1.25103
138 0.2224 -0.286078 -0.651135 -0.162132 -0.829685 0.530273 0.767483 -1.47902 -3.38876 1.39896
1126 0.319793 -0.333306 -0.522906 -0.229123 -0.808811 0.430271 0.755103 -1.32589 -3.17123 1.2659
836 0.314936 -0.376379 -0.481481 -0.0867991 -0.898493 0.380829 0.736549 -1.41452 -3.36314 1.20467
66 0.321571 -0.0444215 -0.185023 -0.697979 -0.816185 0.550266 0.911231 -1.39711 -3.2265 1.49607
68 0.170438 0.282278 0.148722 -0.924431 -0.756866 0.967189 0.730347 -1.61983 -3.29824 2.00208
123 0.220567 0.0704988 -0.148798 -0.383798 -0.366947 0.795526 0.768528 -1.32707 -2.80231 1.76753
145 0.31706 -0.0984668 -0.0492294 -0.598776 -0.371614 0.826821 0.938986 -1.33212 -2.99792 1.70458
948 0.169963 -0.170976 -0.125699 -0.357784 -0.305498 0.770638 0.749818 -1.28949 -2.6855 1.76544
148 0.2475 -0.0595591 -0.0402854 -0.521087 -0.454939 0.811134 0.947431 -1.31689 -3.04097 1.66738
489 0.121673 0.128308 0.34209 -1.01443 -0.654513 0.737475 0.535748 -1.84377 -3.64827 1.7782
159 0.315306 -0.028466 -0.0118329 -0.518588 -0.372908 0.788266 0.938203 -1.30087 -2.95389 1.67067
1009 0.15383 0.207068 -0.0484255 -0.490964 -0.459071 1.19023 0.618562 -1.72225 -3.36886 2.02536
65 0.17772 0.261611 0.16691 -0.877285 -0.607701 0.977488 0.767439 -1.59113 -3.32791 1.92461
72 0.172071 0.258252 0.173268 -0.828298 -0.673282 1.01698 0.860237 -1.57987 -3.40691 1.91144
144 0.413384 0.0269816 -0.226863 -0.687512 -0.604161 0.753558 1.02538 -1.31637 -3.0655 1.50151
503 -0.0893556 0.124321 -0.354177 -0.0470191 -0.39263 0.505797 0.983825 -1.3795 -2.75124 2.44439
1085 0.014961 -0.149008 -0.0358851 -0.478773 -0.126372 0.860461 0.926745 -1.26901 -2.86747 1.82516
30 0.1827 -0.043521 -0.418865 -0.43685 -0.706149 0.257037 1.03071 -1.19051 -2.9859 1.32892
516 -0.101357 0.114562 -0.392341 -0.0158826 -0.851846 0.548837 0.782666 -1.65598 -3.53103 1.72966
183 -0.105676 0.171385 -0.461066 0.0088181 -0.863769 0.479971 0.746441 -1.78708 -3.54326 1.86059
252 -0.117564 0.142306 -0.221098 0.061676 -0.524584 0.54125 0.464179 -1.47262 -2.79207 1.54569
897 -0.348886 -0.0357729 -0.314081 -0.501894 0.172623 1.17497 0.274785 -2.48411 -4.02559 3.37198
898 -0.274826 0.0405565 -0.207731 -0.539704 0.144599 1.21712 0.15171 -2.553 -3.99652 3.28322
994 0.0235387 0.39281 -0.606112 -0.309155 -0.418027 1.56907 0.819707 -2.17117 -4.27003 2.23108
997 0.0470882 0.404799 -0.549177 -0.293436 -0.537422 1.52638 0.860415 -2.15331 -4.29261 2.34499
8 0.117779 -0.237277 -0.635178 -0.058828 -0.620683 0.305478 1.37876 -1.09034 -3.08755 1.33854
283 0.122804 -0.334142 -0.135619 -0.292601 -0.615856 0.216484 1.19974 -1.10683 -3.23153 1.10215
672 -0.167137 0.0219631 -0.297173 -0.535431 -0.527424 0.265284 0.702231 -1.28219 -2.75491 1.66538
604 -0.0163477 -0.230517 -0.252203 0.144764 -0.443532 0.32594 0.514352 -1.36458 -2.67718 1.79018
506 0.115365 -0.151486 -0.176799 -0.157035 -0.49987 0.239501 0.63293 -1.32119 -2.68954 1.84026
267 -0.187925 0.00160952 -0.272568 -0.308114 -0.341463 0.770485 0.507772 -1.50541 -2.94111 1.90999
702 0.0289406 -0.240682 -0.319723 -0.178452 -0.681663 0.213065 0.853149 -1.16178 -2.83152 1.3187
1154 -0.0413131 0.00135123 -0.344771 -0.460287 -0.354097 0.641294 0.913666 -1.03448 -2.39948 1.33645
900 -0.259105 -0.0264651 -0.224052 -0.389481 0.124806 1.12566 0.303184 -2.21164 -3.66891 3.00954
907 -0.16467 -0.00887665 -0.097385 -0.428286 -0.0508548 1.03467 0.353318 -2.01804 -3.43223 2.39892
906 -0.225473 0.0154197 -0.278053 -0.301093 0.105856 1.04 0.321012 -2.02811 -3.31694 2.61046
896 -0.174022 0.0586072 -0.23046 -0.367019 -0.104356 0.888964 0.352266 -1.94167 -3.12052 2.39863
902 -0.282054 -0.0731683 -0.24499 -0.361241 0.0328521 1.06937 0.334894 -2.19428 -3.58878 2.83367
912 -0.286026 0.0175623 -0.238141 -0.500583 0.181317 1.23466 0.299812 -2.40732 -3.88604 3.13544
916 -0.346271 0.0350228 -0.255101 -0.492962 0.130895 1.12227 0.227712 -2.46923 -3.96553 3.25534
403 0.0441967 -0.150931 -0.612317 -0.693099 -0.309235 0.593433 0.349869 -1.50124 -3.06297 1.45846
954 -0.00728717 0.0330114 -0.458949 -0.683315 -0.549273 0.721952 0.470579 -1.47694 -3.2788 1.27581
568 0.0858891 0.0426568 0.0783212 -0.662925 -0.275143 0.914053 0.941787 -1.30555 -3.17816 1.28258
814 0.0768618 -0.330509 -0.157622 -1.41362 0.0731381 0.762572 0.854551 -1.55133 -3.20236 2.57111
815 0.101098 -0.357861 -0.201143 -1.41263 0.0588377 0.776453 0.885662 -1.52195 -3.17495 2.49249
553 -0.174021 -0.116051 -0.208861 0.124487 -0.570813 0.392046 0.443489 -1.49016 -2.847 1.75341
1060 -0.0310632 0.00639713 -0.312104 -0.198453 -0.214632 0.5992 0.647778 -1.30892 -2.43436 1.63481
915 -0.407625 0.0474581 -0.184256 -0.565343 0.117516 1.15869 0.140023 -2.43539 -3.90959 3.22461
918 -0.276305 0.0749063 -0.172454 -0.583404 0.165509 1.19552 0.214623 -2.50581 -3.99378 3.24774
914 -0.293162 0.121667 -0.195618 -0.572309 0.142661 1.18174 0.183746 -2.44378 -3.8402 3.15611
903 -0.32652 0.123965 -0.25235 -0.551183 0.189912 1.24217 0.223305 -2.56533 -4.10103 3.43955
917 -0.385173 0.0384166 -0.245513 -0.51598 0.125246 1.08519 0.178164 -2.47835 -3.97153 3.32324
908 -0.336284 0.0778354 -0.137714 -0.564866 0.174727 1.14767 0.204137 -2.53384 -4.09693 3.33968
569 0.0142472 0.0718628 -0.0633884 -0.639921 -0.303094 1.03137 0.959408 -1.31925 -3.46038 1.10207
570 0.0726727 0.0303547 -0.0465815 -0.537093 -0.354472 1.10692 0.983239 -1.39929 -3.57854 1.14208
82 -0.158297 0.1342 -0.313072 -0.551827 -0.513006 0.752327 0.691199 -1.4394 -3.37215 1.28505
550 -0.0440621 0.0165199 -0.303469 -0.279821 -0.763284 0.554883 0.535552 -1.62203 -3.37356 1.67819
1086 0.0875541 -0.11212 -0.0923915 -0.434658 -0.108842 0.794117 0.925703 -1.23929 -2.75602 1.78406
142 0.278294 -0.0766583 0.0732701 -0.683642 -0.47919 0.826391 0.796734 -1.51442 -3.24886 1.71874
211 0.0574132 -0.0906509 -0.0408697 -0.0763157 -0.369103 0.257876 0.582261 -1.36209 -2.72575 1.86153
695 0.165958 0.300962 -0.32229 -0.119994 -0.2022 0.404639 0.767536 -2.0055 -4.22166 2.12139
678 0.0659226 0.387352 -0.359196 -0.137685 -0.197493 0.516756 0.722222 -2.01655 -4.26441 2.0707
684 0.183847 0.303931 -0.42853 -0.228728 -0.128025 0.401491 0.76001 -1.94697 -4.22899 1.96502
688 0.225784 0.320864 -0.360042 -0.163073 -0.144907 0.522401 0.783599 -1.93908 -4.22937 2.03424
682 0.216195 0.265456 -0.452529 -0.161098 -0.14666 0.500982 0.60825 -1.94117 -4.09346 2.03225
691 0.160129 0.246604 -0.341148 -0.205197 -0.108054 0.458993 0.73741 -1.90403 -4.08227 2.04143
1004 0.267929 -0.210461 -0.167434 -0.4179 -0.2469 0.78055 0.904841 -1.29207 -2.80085 1.53975
749 0.255915 -0.304731 -1.09616 -0.122306 -0.191309 1.24355 1.25935 -1.48539 -3.64147 1.99575
586 0.0202217 -0.321787 -1.17266 -0.0911672 -0.144026 0.929011 1.29049 -1.37649 -3.35178 2.07806
752 0.239615 -0.211297 -0.943483 -0.228365 -0.228202 1.09432 1.26631 -1.38309 -3.48314 1.88851
922 0.0585866 -0.325242 0.0399658 -0.209414 -0.533403 0.240248 1.0058 -1.23931 -3.36848 0.957193
1103 0.0974313 -0.253372 0.0164286 -0.307499 -0.572363 0.394633 1.25424 -1.41479 -3.83415 1.22167
1104 0.0778609 -0.223385 0.0643033 -0.252814 -0.525899 0.351134 1.29637 -1.40882 -3.8048 1.28497
116 0.175253 -0.236068 0.0583193 -0.487617 -0.613142 0.363618 1.17542 -1.57618 -3.97876 1.47721
598 0.102581 -0.259389 7.50926e-05 -0.400526 -0.487239 0.36916 0.845504 -1.40226 -3.26922 1.32898
822 0.122634 -0.294416 -0.276956 -1.46243 -0.00174891 0.841547 0.948137 -1.55332 -3.2094 2.59753
819 0.121482 -0.293192 -0.226898 -1.48401 0.10296 0.690926 0.899763 -1.57262 -3.28034 2.46022
824 0.149218 -0.4133 -0.283973 -1.35178 0.0409024 0.719896 0.891915 -1.47697 -3.12591 2.37265
825 0.120481 -0.273501 -0.227695 -1.46572 -0.029252 0.791528 0.934693 -1.55349 -3.28971 2.53323
773 -0.203652 -0.206241 -0.282384 -0.602382 -0.357583 0.552127 0.441267 -1.34704 -2.79263 1.53056
734 -0.200329 0.231717 -0.348521 -0.995252 -0.829314 0.341563 0.839947 -1.39666 -3.13773 1.97392
51 -0.195223 0.0490322 -0.493514 -0.494006 -0.454683 0.53506 0.429647 -1.55551 -3.01528 1.84664
99 -0.209554 0.0634706 -0.587248 -0.430938 -0.373059 0.811657 0.277105 -1.67426 -3.15239 1.80432
961 -0.137797 -0.145615 -0.22102 -0.158875 -0.630414 0.33346 0.489843 -1.46311 -2.92209 1.47534
988 -0.0465503 0.0023545 -0.319615 -0.554573 -0.481467 0.690116 0.635313 -1.3406 -3.02579 1.26866
1117 0.0147906 -0.302539 -0.393208 -0.65548 -0.131605 0.959193 0.505711 -1.38853 -2.80482 1.71595
1121 -0.0120497 -0.23187 -0.402277 -0.578322 -0.0221387 1.01419 0.591283 -1.31685 -2.75866 1.60091
1120 -0.0454281 -0.334159 -0.351014 -0.572419 -0.138733 0.902893 0.496073 -1.41331 -2.84748 1.66628
1119 0.0556333 -0.317705 -0.399248 -0.605511 -0.15918 0.865976 0.471559 -1.34541 -2.75211 1.66504
461 -0.0229374 -0.0854252 0.134474 -0.353495 -0.249367 0.732919 0.838458 -1.28393 -2.86374 1.67666
636 -0.0973635 -0.132545 -0.300412 -0.0520703 -0.242707 0.421562 0.304833 -1.29201 -2.33126 1.65373
151 0.393461 -0.0580152 -0.0576834 -0.612661 -0.373135 0.825118 0.896892 -1.35906 -2.99432 1.64476
693 0.00965163 -0.0125708 -0.0700722 -0.229169 -0.328571 0.581429 0.720821 -1.29767 -2.5374 1.9357
965 0.0172872 -0.0762737 -0.402005 -0.355979 -0.692989 0.420926 0.762874 -1.35331 -3.18285 1.33665
960 -0.12268 -0.17721 -0.144671 -0.168621 -0.305295 0.35396 0.688106 -1.26926 -2.52952 1.83045
899 -0.243263 0.111665 -0.247132 -0.479268 0.142052 1.08579 0.255927 -2.32795 -3.70076 3.01425
911 -0.217677 -0.00277785 -0.201459 -0.470075 0.183846 1.21648 0.310132 -2.48391 -4.03631 3.38915
909 -0.337889 0.0332899 -0.23592 -0.606826 0.167595 1.17874 0.162283 -2.37702 -3.83106 3.1262
290 -0.133496 -0.0719857 -0.289144 -0.138075 -0.572512 0.515216 0.321008 -1.69121 -3.15024 1.88384
232 -0.0193274 0.284251 0.0431687 -0.6953 -0.582348 -0.0584878 0.969558 -1.49536 -3.15185 2.315
1056 -0.0119859 0.291249 0.0195865 -0.954354 -0.854658 -0.136267 1.2804 -1.82696 -3.8445 2.83021
1055 -0.0227547 0.37352 -0.0430462 -1.01989 -0.779266 -0.0577664 1.20445 -1.83108 -3.77117 2.89378
1054 0.0625702 0.374636 -0.0294642 -0.937765 -0.805843 -0.0179887 1.19534 -1.88364 -3.83752 2.91767
1046 0.00277492 0.34628 -0.028496 -0.934968 -0.840239 -0.0870739 1.17505 -1.86476 -3.80526 2.88252
1051 0.00523935 0.376065 -0.0423202 -0.988459 -0.784916 -0.0893634 1.20643 -1.86187 -3.79012 2.85341
1045 -0.0212298 0.289311 0.0270562 -0.869179 -0.69366 -0.0737542 1.13299 -1.77244 -3.74384 2.8147
1049 -0.00595936 0.33156 0.0496113 -0.914102 -0.764274 -0.114911 1.2086 -1.79501 -3.76682 2.83791
1053 0.00541907 0.335469 -0.080967 -1.005 -0.783706 -0.13504 1.23976 -1.72809 -3.73567 2.76172
1048 -0.00388492 0.39064 -0.00567914 -0.93346 -0.827432 -0.046246 1.182 -1.82526 -3.7864 2.80333
975 0.0617507 0.0102223 0.202478 -0.617241 -0.227494 0.804785 1.02797 -1.24704 -3.05349 1.52145
594 -0.0400558 -0.12179 -0.859764 -0.727996 -0.773469 -0.0751971 1.10651 -1.31119 -3.34346 1.85561
276 -0.144891 -0.020104 -0.854358 -0.765598 -0.700107 -0.0794277 1.09667 -1.38946 -3.47786 1.83654
59 0.015864 -0.139097 -0.717152 -0.456852 -0.815798 0.0248471 1.06495 -1.20014 -3.06882 1.40586
475 0.187137 -0.072935 0.0786154 -0.622977 -0.442052 0.7816 0.773972 -1.40515 -3.08251 1.64026
202 0.308885 -0.0636027 -0.177608 -0.485204 -0.491187 0.291765 0.390415 -1.44526 -2.73343 1.85131
169 0.47535 0.11225 -0.240116 -0.745671 -0.665048 0.565599 1.1679 -1.20033 -3.11382 1.26355
767 -0.190477 -0.13646 -0.448723 -0.576826 -0.473594 0.224941 0.746791 -1.40576 -3.03617 1.66001
768 -0.0815007 -0.0872004 -0.487438 -0.514002 -0.398912 0.394346 0.936695 -1.52172 -3.49125 1.7313
533 -0.0147071 -0.372318 -0.665964 -0.210774 -0.333664 0.504774 0.974382 -1.54793 -3.78006 1.45322
770 -0.0327779 -0.0888215 -0.544621 -0.523432 -0.437176 0.445646 0.990021 -1.55146 -3.57944 1.68108
769 -0.0565271 -0.140282 -0.601606 -0.49303 -0.469141 0.432197 0.921776 -1.56845 -3.59207 1.61966
331 -0.284751 -0.31582 -0.213984 -0.337454 -0.0296188 0.621476 0.796684 -1.6071 -3.64738 1.58384
772 -0.211582 -0.326847 -0.404082 -0.0592891 -0.074413 0.54961 0.371243 -1.33673 -2.72105 1.42225
273 -0.342977 -0.411772 -0.515655 -0.233942 0.0800992 0.577074 0.994645 -1.61041 -3.6549 1.89781
876 -0.312327 -0.352457 -0.462064 -0.162324 0.0577186 0.582111 0.955956 -1.59222 -3.52874 2.03837
877 -0.287856 -0.288982 -0.460956 -0.257112 0.123602 0.628768 0.868661 -1.59823 -3.43932 1.869
63 -0.343022 -0.105277 -0.270438 -0.664422 -0.410571 0.380688 0.586122 -1.36502 -2.74741 1.73201
52 -0.335833 0.0207596 -0.385187 -0.63201 -0.469485 0.253471 0.656504 -1.36178 -2.68968 1.84819
58 -0.242074 -0.142961 -0.289864 -0.811949 -0.654139 -0.080826 0.879189 -1.30307 -2.96282 1.53542
313 -0.205273 0.0613515 -0.566763 -0.243453 -0.462899 0.667755 0.419405 -1.60407 -3.04124 1.83627
358 -0.195301 0.353827 -0.364131 -0.213852 -0.747314 0.807788 0.726856 -1.70738 -3.58572 1.74716
937 0.129281 -0.175273 -0.194617 -0.340437 -0.246276 0.877427 0.761042 -1.34633 -2.80791 1.80203
826 0.125416 -0.348362 -0.231937 -1.33149 -0.0313023 0.792751 0.86723 -1.45123 -3.10174 2.53471
821 0.162301 -0.340028 -0.340547 -1.41091 0.0593511 0.847631 0.916796 -1.55032 -3.25604 2.48062
818 0.202002 -0.407505 -0.247384 -1.35273 0.0489483 0.7186 0.886693 -1.51906 -3.12452 2.43303
820 0.09894 -0.290023 -0.190564 -1.3951 0.0975028 0.788685 0.879989 -1.49778 -3.1713 2.45618
3 -0.184104 -0.300466 -0.487726 -0.430655 -0.0928432 0.415011 0.635302 -1.24291 -2.77913 1.34075
532 -0.163853 -0.416286 -0.501738 -0.110949 0.050667 0.594132 0.828343 -1.21805 -2.82989 1.35859
269 -0.133204 -0.191621 -0.922182 -0.0768275 -0.286394 0.568064 1.47361 -1.39578 -3.22873 2.46955
946 0.154685 -0.133561 -1.04278 -0.0231167 -0.522596 0.456289 1.66948 -1.49631 -3.65075 2.37831
945 0.341546 -0.0577477 -0.900194 -0.257734 -0.587471 0.376199 1.52135 -1.20652 -3.37663 1.72851
90 -0.153523 -0.191592 -0.408331 -0.48211 -0.216321 0.711875 0.595633 -1.29459 -2.71519 1.55745
44 -0.190039 0.217222 -0.346972 -0.488101 -0.600574 0.915035 0.790769 -1.58086 -3.54109 1.57504
643 -0.0860236 0.138305 -0.488454 -0.932422 -0.661489 0.700544 1.18741 -1.16559 -3.10527 1.57061
926 0.427445 -0.0503997 -0.220366 -0.547342 -0.515239 1.0199 1.10775 -1.9146 -4.20723 1.83676
924 0.305828 -0.0723296 -0.165116 -0.71593 -0.474461 0.953161 1.09283 -1.89006 -4.24833 1.7844
478 0.223991 -0.167212 0.0771665 -0.602062 -0.347051 0.751566 0.870501 -1.36274 -2.9882 1.65112
89 -0.0393552 -0.0156947 -0.413067 -0.357673 -0.538234 0.603174 0.554395 -1.45388 -2.96586 1.54678
88 -0.149165 -0.0624288 -0.411492 -0.460639 -0.467309 0.722476 0.746894 -1.284 -2.92346 1.32909
264 -0.0571982 0.0193778 -0.442187 -0.0506783 -0.517162 0.775865 0.541718 -1.55396 -3.02518 1.89015
1090 0.0876815 -0.0987976 -0.161429 -0.48255 -0.13261 0.859496 0.938284 -1.25545 -2.82318 1.71868
1089 0.109384 -0.0728792 -0.0674152 -0.481231 -0.146244 0.833298 0.903111 -1.31534 -2.86168 1.8704
973 -0.0291252 -0.176687 -0.0524171 -0.283374 -0.446114 0.495998 0.72636 -1.43029 -3.08454 1.40299
967 0.0749767 -0.00659327 -0.0641431 -0.229917 -0.494839 0.42578 0.764158 -1.17264 -2.60904 1.20763
972 -0.0132695 -0.313538 0.0313501 -0.304827 -0.446253 0.398938 0.785917 -1.26229 -2.86945 1.38712
778 -0.107074 0.0168415 -0.226478 -0.314067 -0.593411 0.220109 0.335747 -1.60955 -3.09228 1.61852
287 -0.194952 0.0831347 -0.206286 -0.378087 -0.645681 0.337537 0.491854 -1.68938 -3.56789 1.51655
632 0.0898366 -0.372896 0.00443212 -0.260628 0.0122495 0.776987 1.00349 -1.28144 -2.89571 1.70158
992 -0.155646 0.0194679 -0.188366 -0.253865 -0.589274 0.481588 0.305988 -1.71802 -3.29493 1.60411
288 -0.140854 0.0926839 -0.152951 -0.402822 -0.703519 0.276711 0.519021 -1.77688 -3.68348 1.58424
297 -0.145695 0.0744749 -0.142747 -0.402867 -0.64777 0.314505 0.400702 -1.81679 -3.61339 1.55007
9 -0.0942269 -0.266188 -0.799503 -0.305219 -0.255091 0.57282 1.02425 -1.22077 -2.94062 1.50634
842 0.0842193 -0.251645 -0.933597 -0.599153 -0.053725 0.689851 1.21073 -1.30982 -3.18306 1.61652
843 -0.0196647 -0.203047 -0.855811 -0.448228 -0.184719 0.666454 1.0606 -1.11601 -2.81128 1.39915
1105 0.0693926 -0.313523 -0.991139 -0.189998 -0.0458895 0.946788 0.934018 -1.27745 -2.96533 1.45148
307 0.0465865 -0.255984 -0.939321 -0.383089 -0.208818 0.888625 0.797342 -1.33693 -3.10441 1.51871
338 -0.0573491 -0.239376 -0.458883 -0.322059 -0.133567 0.446817 0.73254 -1.04234 -2.28336 1.23546
742 -0.0213193 -0.284601 -0.70777 -0.366592 -0.0804905 0.805764 0.741884 -1.31342 -2.80912 1.46097
36 -0.201161 -0.20914 -0.294819 -0.646005 -0.707319 -0.117092 1.0492 -1.28336 -3.33271 1.54083
730 -0.261809 0.210738 -0.314602 -1.039 -0.754915 0.335203 0.834881 -1.40474 -3.14018 1.86819
725 -0.287561 -0.0439675 -0.343802 -0.862305 -0.385416 0.594112 0.452301 -1.54947 -2.9291 1.92453
964 -0.0561445 0.0853798 -0.365014 -0.557726 -0.627639 0.795721 0.855353 -1.32131 -3.14934 1.37177
952 -0.0192402 0.0777884 -0.511986 -0.678936 -0.514448 0.68282 0.429404 -1.53016 -3.31062 1.29203
259 -0.117672 0.163741 -0.35603 -0.428532 -0.407922 0.9277 0.560161 -1.50977 -3.18967 1.69568
263 -0.0864418 0.12045 -0.46849 -0.564262 -0.488062 1.11609 0.919423 -1.53598 -3.35104 1.72929
270 -0.129274 0.183157 -0.425393 -0.326704 -0.467767 0.989088 0.571822 -1.48217 -3.12034 1.65751
1132 -0.23175 -0.0988118 -0.33855 -0.517877 -0.317225 0.583154 0.45014 -1.46069 -2.76435 1.69528
600 0.0789513 -0.094758 -0.269258 -0.132216 -0.288503 0.604595 0.47629 -1.29053 -2.5805 1.74162
407 -0.129577 -0.124371 -0.524655 -0.61445 -0.125456 0.738765 0.393257 -1.35685 -2.79527 1.5123
178 0.0870986 0.182405 0.102324 -0.182723 -0.336888 0.388612 1.21551 -1.46862 -3.58268 1.57767
177 0.0950349 0.0983541 -0.000179958 -0.128382 -0.339409 0.448483 1.20023 -1.46438 -3.5101 1.52778
19 0.189244 -0.100787 -0.395589 -0.131642 -0.657866 0.194519 0.586575 -1.39775 -2.79844 1.72788
1028 -0.181526 0.421587 0.0891833 -0.321314 -0.083245 0.710603 1.34397 -1.64216 -3.7727 2.29642
1027 -0.267585 0.43831 0.0437986 -0.313768 -0.166798 0.628315 1.3787 -1.55819 -3.76841 2.17227
1029 -0.279445 0.425048 0.103904 -0.346795 -0.0723449 0.74371 1.33673 -1.55382 -3.70653 2.15359
1023 -0.303178 0.411259 -0.00248273 -0.349692 -0.066136 0.766356 1.41341 -1.54422 -3.69157 2.21948
1032 -0.296067 0.400778 0.0317966 -0.252298 -0.152246 0.693404 1.37073 -1.61883 -3.75946 2.22575
1035 -0.225451 0.375777 0.0670621 -0.277074 -0.11103 0.699767 1.37904 -1.5999 -3.79163 2.21257
1066 -0.0440789 0.411024 -0.153253 -0.032136 -0.340909 0.721409 1.07557 -1.66632 -3.6595 2.05192
1067 -0.0349794 0.347937 -0.129705 -0.00526958 -0.321731 0.590275 1.03039 -1.6677 -3.61488 2.0509
1064 0.0246406 0.386916 -0.228715 -0.00564533 -0.333488 0.760278 0.984195 -1.6883 -3.62256 2.12078
968 -0.289211 0.0882855 -0.156719 -0.631905 -0.411224 0.37846 0.459024 -1.39811 -2.97961 1.43012
32 -0.231785 -0.133799 -0.292027 -0.637773 -0.426315 0.162073 0.439309 -1.33869 -2.68351 1.60322
21 -0.0278494 -0.137875 -0.31992 -0.0558205 -0.654661 0.184666 0.46504 -1.51157 -2.97362 1.74035
20 0.0602568 -0.132567 -0.31185 -0.0894335 -0.664302 0.315576 0.374855 -1.52153 -2.97291 1.57733
387 0.122692 0.306229 -1.05275 -1.00363 -0.348581 1.21978 1.45008 -2.10567 -4.23808 3.4797
398 0.236039 0.376352 -1.06355 -0.963272 -0.33173 1.29277 1.42763 -2.2231 -4.37894 3.53464
384 0.15574 0.305776 -0.99494 -0.984137 -0.367595 1.21542 1.416 -2.05641 -4.19541 3.3389
395 0.166538 0.34938 -1.08144 -0.962023 -0.328498 1.21447 1.44192 -2.16551 -4.32266 3.53808
383 0.148554 0.2907 -1.02975 -0.970691 -0.324218 1.19321 1.43414 -2.16472 -4.26483 3.55415
394 0.12465 0.238464 -1.0841 -0.998882 -0.34893 1.17931 1.519 -2.06515 -4.32962 3.57674
386 0.188717 0.346693 -1.0872 -0.919673 -0.374597 1.2328 1.45708 -2.04985 -4.20051 3.47497
390 0.179342 0.302165 -1.00989 -0.88408 -0.29024 1.20673 1.40282 -2.12534 -4.30443 3.49232
397 0.203893 0.331722 -1.00394 -0.867289 -0.421761 1.24901 1.39388 -2.02757 -4.20163 3.41197
229 0.0876743 0.215662 0.0866651 -0.443748 -0.416399 0.167239 0.94676 -1.40643 -3.08603 2.02735
1052 0.0221243 0.338292 0.0137251 -0.945297 -0.781641 -0.0615149 1.16785 -1.80421 -3.76203 2.83766
1059 -0.065161 0.378388 -0.0336229 -1.04043 -0.864093 -0.10262 1.21982 -1.8004 -3.74314 2.82739
1031 -0.306664 0.374229 0.034056 -0.309778 -0.0530578 0.642915 1.33407 -1.5548 -3.73441 2.18301
1079 0.0221613 -0.144668 -0.235973 0.0657793 -0.419845 0.157635 0.639573 -1.24453 -2.5482 1.81644
413 -0.090982 -0.151273 -0.499999 -0.372148 -0.330309 0.46487 0.491027 -1.37293 -2.90748 1.47025
1106 -0.0201033 -0.320541 0.0774842 -0.301768 -0.0312155 0.71494 1.07628 -1.14925 -2.82137 1.4881
823 0.0973315 -0.355873 -0.260493 -1.36442 -0.0438361 0.723951 0.953708 -1.46635 -3.21494 2.4751
29 -0.2009 -0.179095 -0.357356 -0.670242 -0.683792 0.135332 1.06073 -1.34375 -3.30756 1.70192
528 -0.258236 -0.0187602 -0.389709 -0.473503 -0.505355 0.539974 0.596839 -1.43787 -3.05946 1.68955
451 -0.00712997 -0.0231789 -0.0820322 -0.372827 -0.609652 0.502406 0.857151 -1.20236 -2.98646 1.10374
846 -0.353424 0.0113137 -0.362288 -0.694764 -0.556857 0.133596 0.819762 -1.33873 -2.98626 1.92823
735 -0.203997 -0.001094 -0.655861 -0.491558 -0.539737 0.482678 0.803998 -1.37046 -2.98188 1.9462
1076 0.0564391 0.368507 -0.462635 -0.552752 -0.646457 0.876294 0.734049 -1.59774 -3.54403 1.44894
1084 -0.00386473 0.323898 -0.467005 -0.452415 -0.573559 0.868616 0.769717 -1.51601 -3.40465 1.47679
299 -0.0480846 0.156201 -0.0986973 -0.276962 -0.62409 0.442969 0.385817 -1.49808 -2.91815 1.52825
422 -0.120587 0.041839 -0.516797 0.0942153 -0.522602 0.884228 0.947341 -1.3868 -3.0867 1.85194
94 -0.218417 0.0482587 -0.193485 -0.409738 -0.62467 0.570005 0.531394 -1.65159 -3.55574 1.26702
292 -0.118476 0.040921 -0.319824 -0.296922 -0.807254 0.304976 0.574219 -1.73999 -3.70551 1.55733
1075 -0.102449 -0.0892805 -0.13529 -0.244363 -0.580297 0.377917 0.469019 -1.51297 -2.89094 1.76547
782 -0.173981 0.0276643 -0.0592488 -0.0640332 -0.221144 0.677302 0.65326 -1.24545 -2.41683 1.81707
505 -0.0367827 0.0914991 -0.382844 -0.127473 -0.486939 0.513898 0.958646 -1.32067 -2.71802 2.35058
385 0.174175 0.298268 -1.04959 -0.982379 -0.367569 1.17437 1.41458 -2.13926 -4.2576 3.47466
809 0.352195 0.872795 -1.20089 -1.20597 -0.582372 1.46215 1.66589 -2.3859 -4.95497 3.4117
798 0.294768 0.88736 -1.2958 -1.18889 -0.484332 1.46887 1.66671 -2.39039 -4.97202 3.4297
792 0.320922 0.885796 -1.20038 -1.19953 -0.541206 1.43135 1.70193 -2.36645 -4.97547 3.46525
807 0.312398 0.849465 -1.18713 -1.19889 -0.559938 1.51486 1.66717 -2.4107 -5.00391 3.44126
801 0.306187 0.894414 -1.17379 -1.23075 -0.564808 1.41069 1.66847 -2.42502 -5.00148 3.44166
808 0.3307 0.828787 -1.20491 -1.17876 -0.579215 1.43256 1.63271 -2.31596 -4.8715 3.42067
797 0.332975 0.820667 -1.25818 -1.15651 -0.594945 1.47514 1.73587 -2.38046 -5.06359 3.41019
791 0.241603 0.877729 -1.31246 -1.14507 -0.535901 1.43042 1.67778 -2.39149 -4.96046 3.43235
805 0.293495 0.886096 -1.19081 -1.22704 -0.558198 1.46859 1.6716 -2.38075 -4.98023 3.42967
806 0.300942 0.864381 -1.24853 -1.19271 -0.541805 1.48413 1.66844 -2.3713 -4.97274 3.37948
986 0.357895 0.0292917 -0.275487 -0.59483 -0.760616 0.704795 0.94576 -1.5615 -3.48661 1.68805
984 0.426964 0.0651709 -0.405251 -0.753408 -1.03486 0.708648 1.15655 -1.68624 -3.81867 1.79765
827 -0.0191033 -0.315405 -0.459565 -0.482727 0.0136755 0.666744 0.567932 -1.04825 -2.4295 1.07518
593 -0.0680996 -0.216865 -0.332813 -0.597674 -0.466096 0.0205058 0.494962 -1.16204 -2.41167 1.23997
345 -0.0530294 -0.116593 -0.897337 -0.691682 -0.691845 0.164227 0.897945 -1.40452 -3.28393 1.69411
55 -0.146837 -0.116438 -0.738926 -0.737369 -0.732787 -0.105309 1.11674 -1.40436 -3.42254 1.92701
832 -0.00127341 0.0304852 -0.680852 -0.346642 -0.42548 0.901211 0.42263 -1.49895 -3.06511 1.49261
85 -0.202659 0.105157 -0.453041 -0.520601 -0.440529 0.712745 0.288011 -1.54135 -3.05839 1.75682
296 -0.116245 0.0297936 -0.334307 -0.257924 -0.492064 0.642453 0.674957 -1.10574 -2.50277 1.30551
1001 -0.0180006 0.383585 -0.561454 -0.314164 -0.530581 1.43079 0.859779 -2.05058 -4.1367 2.25213
913 -0.0109605 0.0569067 -0.342453 -0.326554 -0.421238 0.720539 0.745252 -1.50999 -2.89436 1.76812
910 -0.0437601 0.0983644 -0.287704 -0.478937 -0.417418 0.545705 0.666317 -1.52742 -2.89732 1.6993
1129 -0.111508 -0.0920594 -0.214384 -0.310909 -0.311861 0.560574 0.512358 -1.139 -2.15295 1.45556
867 0.0204738 -0.0332404 -0.123512 -0.00377343 -0.404732 0.389552 0.559366 -1.12454 -2.10103 1.33844
280 -0.0937952 0.0147433 -0.310382 -0.484663 -0.551269 0.587661 0.651276 -1.32272 -2.90547 1.41557
96 -0.121258 -0.044717 -0.393268 -0.39498 -0.579052 0.595109 0.655199 -1.339 -2.97992 1.43071
502 0.023933 0.0326255 -0.431605 -0.0121026 -0.474457 0.39213 1.00275 -1.36955 -2.73418 2.47801
234 0.0352659 0.177324 0.154067 -0.341224 -0.477351 0.0910464 1.02609 -1.3973 -3.14101 2.03674
1044 -0.0278969 0.334773 0.0274892 -1.00491 -0.737283 -0.0320587 1.2275 -1.77394 -3.68726 2.83631
1057 -0.0306557 0.357481 0.0309429 -0.97152 -0.841084 -0.0380304 1.18009 -1.83809 -3.83481 2.86185
1047 -0.0120782 0.278996 -0.00802531 -0.891362 -0.729759 -0.0848461 1.06922 -1.78175 -3.6853 2.78529
1058 -0.00475136 0.310998 -0.0512194 -0.947517 -0.797577 -0.0397929 1.25581 -1.80766 -3.65958 2.80122
1050 0.0595393 0.350374 -0.0682503 -0.977699 -0.832387 -0.0987628 1.26518 -1.80157 -3.88748 2.86558
230 -0.156847 0.15812 0.147378 -0.410497 -0.387571 0.16787 0.965581 -1.37702 -3.0347 2.01741
942 0.0205338 -0.1304 -1.05054 -0.0247868 -0.431004 0.47657 1.54898 -1.56532 -3.62201 2.77668
940 0.0856351 -0.111671 -0.990066 -0.101908 -0.482984 0.386441 1.68282 -1.41462 -3.59723 2.34689
950 -0.0344709 -0.091643 -1.07929 -0.021892 -0.385677 0.513898 1.67808 -1.51462 -3.61406 2.62346
817 0.0628081 -0.337198 -0.30334 -1.45374 0.0758457 0.751734 0.907849 -1.51027 -3.15302 2.46899
816 0.0323539 -0.416148 -0.20642 -1.38136 -0.00838472 0.710552 0.910568 -1.49725 -3.18751 2.48778
92 -0.00883949 -0.211086 -0.138019 -0.123702 -0.486637 0.37584 0.582434 -1.32405 -2.49627 2.10652
4 0.026651 -0.473289 -0.586097 -0.197613 -0.368476 0.450238 0.550199 -1.38044 -3.08608 1.12683
172 -0.0213031 -0.276526 -0.804701 -0.362274 -0.118559 0.816532 0.800218 -1.27003 -2.74546 1.52584
170 -0.0130989 -0.268916 -1.0591 -0.297524 -0.157202 0.936257 0.953326 -1.40883 -3.22149 1.76444
587 -0.0655814 -0.0979496 -0.859986 -0.130661 -0.155025 1.10996 1.0055 -1.42887 -3.19719 1.71027
543 0.0870657 -0.12469 -0.802108 -0.490651 -0.503426 0.847746 0.829244 -1.41884 -3.20492 1.50516
33 0.0384704 -0.191073 -0.60591 -0.421935 -0.626679 0.243342 0.981824 -1.09348 -2.791 1.32416
208 0.581857 0.203189 -0.884357 -1.28268 -0.965484 0.73998 0.523362 -2.38687 -4.47973 2.88282
920 0.0167383 -0.0351042 -0.0914884 -0.0565393 -0.423465 0.208359 0.478765 -1.40894 -2.6302 1.81187
919 -0.0532135 0.0493901 -0.31693 0.0463949 -0.507522 0.482929 0.547067 -1.53438 -2.83341 1.91966
648 0.188267 -0.0258423 -0.982937 -0.3373 -0.338586 1.05799 0.945706 -1.44948 -3.42809 1.47672
653 0.239634 -0.0223856 -1.07289 -0.445135 -0.458624 0.996744 0.952905 -1.41759 -3.3641 1.46057
424 0.0272968 -0.0824681 -0.0584756 -0.0382609 -0.403012 0.316192 0.665258 -1.36453 -2.70698 1.95388
309 0.159489 -0.24702 -1.06234 -0.25206 -0.192914 1.00722 0.818272 -1.48405 -3.31016 1.38716
50 -0.0537436 -0.261889 -0.623153 -0.0719775 -0.245012 0.358474 1.32324 -1.20574 -3.31422 1.47307
483 0.150756 0.344314 0.470304 -1.28143 -0.687116 0.955151 0.51432 -2.23974 -4.32287 2.23253
481 0.174792 0.42321 0.436732 -1.2267 -0.728982 0.878747 0.481751 -2.23419 -4.31869 2.16305
581 0.312182 -0.151136 -0.196868 -0.341706 -0.645895 0.459372 0.564617 -1.11279 -2.47014 1.15143
134 0.00478457 -0.0240974 -0.594469 -0.495322 -0.676478 0.845283 1.47571 -1.11576 -3.13947 1.65959
644 -0.0640189 0.12999 -0.437091 -0.542775 -0.570555 0.411857 0.633974 -1.16582 -2.71406 1.12796
1123 -0.104281 0.206612 -0.196542 -0.590655 -0.642216 0.474612 0.736827 -1.54873 -3.21934 2.07919
1124 -0.0196719 0.240297 -0.115227 -0.480167 -0.540652 0.353785 0.780671 -1.49387 -3.11419 2.01857
870 -0.261164 0.140175 -0.0931477 -0.655871 -0.659024 0.318403 0.775623 -1.39551 -3.03313 1.97753
336 0.0733411 -0.20345 -0.334059 -0.297037 -0.550901 0.316921 0.999467 -1.23538 -3.10461 1.10378
459 0.291353 0.0927751 -0.69511 -0.40911 -0.898688 0.377736 1.4699 -1.68586 -4.12985 1.97783
509 0.237391 -0.0483222 -0.718627 -0.016247 -1.04584 0.334616 1.10958 -1.3233 -3.36847 1.58969
626 0.145205 -0.231981 -0.708498 -0.0706939 -0.688974 0.327149 1.47456 -1.14803 -3.22923 1.29463
625 0.141352 -0.295739 -0.706249 -0.0496364 -0.687833 0.265377 1.36123 -1.08428 -3.11537 1.45081
490 0.0850153 0.227466 0.482447 -1.0929 -0.619042 0.953366 0.504595 -2.11571 -4.12967 2.1159
472 0.166823 0.389388 0.513745 -1.39251 -0.672013 1.02584 0.568671 -2.33292 -4.63189 2.23018
482 0.104588 0.212812 0.457743 -1.11572 -0.501471 0.97679 0.550864 -2.01503 -3.97619 1.93249
473 0.14093 0.401905 0.520958 -1.31579 -0.808997 1.02243 0.545943 -2.30745 -4.60949 2.28912
486 0.176754 0.430167 0.458465 -1.371 -0.694612 1.01698 0.497689 -2.30858 -4.47902 2.19969
471 0.126325 0.417941 0.502246 -1.42463 -0.708501 0.993574 0.587677 -2.30666 -4.55555 2.1886
431 -0.2736 0.00474989 -0.379779 -0.638449 -0.504105 0.296472 0.605784 -1.32397 -2.7992 1.62396
411 -0.106461 0.192603 -0.386687 -0.808491 -0.497732 0.812298 0.641385 -1.59307 -3.53145 1.62219
759 0.499248 0.0592423 -0.452895 -0.753943 -1.00251 0.758032 1.14262 -1.64318 -3.90299 1.77258
327 -0.368931 -0.361252 -0.448245 -0.170349 0.0977238 0.638189 1.06824 -1.70355 -3.96787 1.88978
755 -0.222027 -0.112238 -0.192115 -0.345589 0.0292304 0.859257 0.72994 -1.43537 -3.39638 1.15272
754 -0.236881 -0.108741 -0.126555 -0.436816 0.0936519 0.841836 0.756774 -1.39856 -3.40613 1.07312
512 0.0656536 0.0242492 -0.522136 -0.0916562 -0.99722 0.506774 0.863047 -1.62235 -3.58499 1.65572
189 0.605889 0.182798 -0.919862 -1.37506 -0.863746 0.745156 0.604894 -2.38304 -4.45754 2.82241
220 0.592032 0.207454 -0.980343 -1.37324 -0.908797 0.784462 0.606411 -2.41493 -4.53749 2.89584
1082 -0.269112 0.205146 0.0268987 -0.342797 -0.36187 0.284106 0.253303 -1.23903 -2.5191 1.06019
850 -0.268765 -0.0265705 -0.395794 -0.68861 -0.532298 0.183486 0.706834 -1.39877 -2.96 1.81979
849 -0.297791 -0.121972 -0.395855 -0.788495 -0.610064 0.151638 0.823384 -1.31959 -3.05533 1.79866
848 -0.184369 -0.162033 -0.399709 -0.687939 -0.762198 0.145183 0.976774 -1.25287 -2.97702 1.75736
487 0.223856 0.406184 0.480033 -1.33627 -0.752385 0.982719 0.53914 -2.31516 -4.42644 2.31723
485 0.180158 0.266478 0.443194 -1.18586 -0.653788 0.840686 0.500984 -2.04085 -4.0384 2.007
257 0.314251 0.295532 -0.57963 -0.344169 -0.673988 0.651766 1.30947 -1.26568 -2.93112 1.78664
977 0.111691 -0.168561 -0.0489421 -0.523575 -0.331656 0.76142 0.882097 -1.22451 -2.74023 1.64784
871 0.15037 -0.226835 -0.263488 -0.0144069 -0.595868 0.0869008 0.588359 -1.13659 -2.31551 1.39643
16 -0.142553 0.0403614 -0.306895 -0.306804 -0.538942 0.619138 0.424877 -1.66232 -3.33114 1.6957
457 0.207171 0.132284 -0.704002 -0.456821 -0.977562 0.390766 1.50326 -1.70561 -4.19135 1.92322
456 0.279633 0.118394 -0.684719 -0.402784 -1.06022 0.286329 1.58885 -1.7017 -4.1644 2.09091
458 0.287586 0.176453 -0.707736 -0.495712 -0.90743 0.466657 1.60206 -1.72413 -4.23018 1.98689
453 0.255559 0.0882126 -0.738701 -0.508304 -0.955913 0.373525 1.56978 -1.619 -4.07477 1.85418
455 0.287476 0.0523251 -0.628869 -0.353594 -0.879081 0.346387 1.54981 -1.71992 -4.17526 1.94337
1087 0.0125559 -0.0862601 -0.120673 -0.380932 -0.192915 0.848233 0.950636 -1.33712 -2.9261 1.83003
1108 0.035816 -0.36168 0.13376 -0.223275 -0.00530212 0.810192 0.944608 -1.24343 -2.95397 1.65702
462 0.15032 -0.1652 -0.0732112 -0.305512 -0.219369 0.833492 0.751467 -1.2404 -2.7624 1.66637
1019 0.19224 -0.121322 -0.522861 -0.0972823 -1.02704 0.351332 0.79917 -1.45647 -3.36136 1.41263
337 0.0708197 -0.238907 -0.312078 -0.433319 -0.635631 0.273291 0.963174 -1.25108 -3.22865 1.11194
168 0.54997 0.730187 -0.574851 -1.8997 -1.03166 0.744318 1.91699 -2.24458 -5.71881 2.14635
601 0.0659083 -0.171353 -0.275279 -0.0524624 -0.169038 0.537962 0.407873 -1.30311 -2.62559 1.6325
560 0.0211233 -0.0556215 0.0266889 -0.237227 -0.295059 0.662081 0.697712 -1.35605 -2.66882 1.63747
1110 0.0311604 -0.373422 0.0787267 -0.243575 -0.0181282 0.738438 1.05572 -1.2068 -2.94889 1.61203
639 -0.222354 0.124388 -0.0790532 -0.872403 -0.393494 0.56671 0.597551 -1.32145 -3.05947 1.38661
518 -0.280439 0.0723132 -0.194846 -0.808382 -0.383704 0.550605 0.683049 -1.41721 -3.2394 1.37674
517 -0.309552 0.0907594 -0.101149 -0.897429 -0.416099 0.454898 0.599402 -1.35696 -3.05598 1.43112
346 0.0109522 -0.07551 -1.00335 -0.580591 -0.824806 0.0751135 1.15491 -1.46736 -3.76578 1.79973
966 -0.0140594 -0.113678 -0.0635579 -0.319735 -0.588777 0.450512 0.601871 -1.31116 -2.92814 1.15226
450 -0.0857588 -0.0679038 0.0911618 -0.372697 -0.528718 0.453125 0.712429 -1.24979 -3.06919 0.989663
476 0.146715 0.245396 0.504664 -1.19396 -0.648948 0.934677 0.495361 -2.21182 -4.31264 2.126
484 0.144055 0.403319 0.541453 -1.37887 -0.712524 0.980312 0.5557 -2.30964 -4.58962 2.25421
1148 -0.296647 -0.240975 -0.09491 -0.613877 -0.310922 0.336098 0.419471 -1.4383 -3.02595 1.48637
15 -0.101321 0.0959308 -0.348244 -0.00626418 -0.545682 0.574952 0.592111 -1.69351 -3.26788 1.78773
1146 -0.3262 -0.095979 -0.0371081 -0.592629 -0.353363 0.347519 0.430267 -1.43765 -3.07015 1.36729
1081 0.106022 0.0448526 -0.392274 -0.252667 -0.710817 0.339156 0.611023 -1.13202 -2.67901 1.10167
1131 -0.341302 -0.20988 -0.146868 -0.483733 -0.319748 0.586252 0.435866 -1.39463 -2.74393 1.81169
135 -0.0573721 -0.0147292 -0.744082 -0.507329 -0.683463 0.944769 1.45838 -1.21293 -3.16824 1.80782
132 0.0236744 -0.0713139 -0.745628 -0.460558 -0.679481 0.855213 1.39084 -1.15972 -3.00665 1.78621
953 -0.0487255 -0.121392 -0.679806 -0.473288 -0.453241 0.654741 0.835733 -1.26128 -3.04976 1.26779
704 0.157025 -0.133884 -0.361931 -0.572641 -0.444227 0.633214 0.539735 -1.21237 -2.49545 1.42846
522 0.0539763 -0.322127 -0.706287 -0.138722 -0.370255 0.459312 0.458112 -1.20382 -2.43496 1.38237
602 -0.00083373 0.23579 -0.449052 -0.663804 -0.407084 0.759796 0.850719 -1.84219 -3.85157 2.28206
603 0.0417057 0.232068 -0.416922 -0.723124 -0.46988 0.699749 0.889144 -1.86597 -3.85353 2.29398
605 0.0468455 0.25112 -0.486042 -0.707642 -0.487097 0.740551 0.960299 -1.86382 -3.94721 2.2781
374 0.046995 0.145078 -0.380649 -0.646415 -0.384435 0.765147 0.856411 -1.97677 -3.78663 2.24405
441 -0.00194673 0.0390531 -0.237803 -0.440248 -0.360634 0.573126 0.656467 -1.45121 -2.81655 1.66218
426 -0.140036 0.0640941 -0.536346 0.0825005 -0.485399 0.977661 1.13622 -1.37593 -3.11188 1.80695
253 -0.0740364 -0.055688 -0.529225 0.0481692 -0.40646 1.02953 1.11439 -1.43215 -3.23356 1.92582
425 -0.0516528 0.00581946 -0.406059 0.0691235 -0.324808 0.924087 1.04651 -1.32761 -2.95153 1.79832
344 0.0852638 -0.15947 -0.898146 -0.48964 -0.861014 0.0572831 1.10281 -1.46646 -3.58182 1.75797
342 0.0431088 -0.109845 -0.780298 -0.579206 -0.768063 -0.00197522 1.08569 -1.39006 -3.51887 1.762
112 0.28679 -0.171476 -0.00444786 -0.448613 -0.683327 0.367506 1.34319 -1.69219 -4.25984 1.5842
113 0.29707 -0.17334 -0.0550558 -0.540412 -0.650276 0.437765 1.36962 -1.72221 -4.12841 1.55776
115 0.222205 -0.225439 -0.153814 -0.453038 -0.61432 0.353343 1.46506 -1.69027 -4.25986 1.65365
114 0.249087 -0.115374 -0.0174606 -0.526074 -0.713177 0.366746 1.39191 -1.69989 -4.16671 1.56205
117 0.249698 -0.133233 0.0608429 -0.438513 -0.722615 0.332351 1.43215 -1.66926 -4.23806 1.66296
334 0.0745562 -0.278488 0.0223213 -0.450212 -0.099079 0.67342 0.596214 -1.0962 -2.14029 1.51498
681 0.200405 0.254967 -0.458682 -0.121089 -0.199136 0.444348 0.668366 -1.94043 -4.17034 2.06633
1077 -0.30428 0.231254 -0.046358 -0.363794 -0.61465 0.345372 0.338423 -1.64179 -3.40526 1.31663
1094 0.139306 -0.0148027 0.112529 -0.567372 -0.377307 0.695733 0.550522 -1.43365 -3.01491 1.43666
606 -0.0985 0.520768 -0.478809 -0.264099 -0.80774 0.897839 1.44603 -1.9012 -4.64034 1.89909
173 0.0087169 -0.214327 -0.688163 -0.329508 -0.0962962 0.514336 0.900346 -0.916558 -2.3392 1.22106
1005 0.00409745 0.404029 -0.627111 -0.328728 -0.512331 1.48051 0.799711 -2.16429 -4.28371 2.34954
1030 -0.213239 0.434801 0.0335232 -0.284932 -0.107788 0.653666 1.34439 -1.58395 -3.68197 2.18334
1026 -0.268027 0.348606 0.0418766 -0.226962 -0.0647252 0.691263 1.34153 -1.53903 -3.71023 2.11765
542 0.252832 -0.112577 -1.16651 -0.737084 -0.462817 1.01066 1.003 -1.6703 -3.8025 1.68602
585 -0.0245437 -0.371516 -1.11279 -0.138165 -0.0950086 0.982407 0.928995 -1.29961 -2.9523 1.75986
64 -0.135831 -0.226103 -0.331948 -0.584099 -0.717256 -0.154653 1.07423 -1.22848 -3.32663 1.44459
635 0.154693 -0.179039 -0.623065 -0.511951 -0.303212 0.92864 0.851143 -1.23646 -3.02068 1.12392
890 0.0709254 -0.0627229 -0.0971525 -0.172547 -0.409219 0.461147 0.407528 -1.35366 -2.53725 1.81974
841 0.0533233 -0.14052 -0.686687 -0.459847 -0.0430102 0.589478 0.909063 -1.19936 -2.69283 1.43457
878 -0.342617 -0.304247 -0.449659 -0.162436 0.0850829 0.494249 0.929274 -1.53114 -3.45565 1.85111
432 0.0522245 -0.149948 -0.398808 -0.839169 -0.565655 0.357874 0.428437 -1.34083 -2.60107 1.61526
214 0.56018 0.0831356 -0.950477 -1.23172 -0.892403 0.618037 0.53124 -2.42447 -4.40094 2.85834
1042 -0.113923 0.0504002 0.0745296 -0.367574 -0.5336 0.278039 0.599505 -1.34782 -2.4445 1.79075
905 -0.0967661 -0.0686145 -0.264913 -0.0425674 -0.497505 0.479533 0.618912 -1.43994 -2.69305 1.84171
933 0.0987389 -0.110683 -0.0800502 -0.365288 -0.180277 0.887398 0.876498 -1.26123 -2.76388 1.818
513 -0.10317 0.182756 -0.526762 0.0111542 -0.895749 0.541811 0.815283 -1.68471 -3.57003 1.77664
673 -0.229984 -0.0142741 -0.48482 -0.202104 -0.347137 0.668511 0.465357 -1.41371 -2.79485 1.66908
891 0.0500706 -0.0837969 -0.143223 -0.190035 -0.367929 0.433328 0.403447 -1.31716 -2.45645 1.79353
1036 -0.360656 0.384703 -0.0476202 -0.274771 -0.0443036 0.690476 1.40555 -1.58111 -3.80212 2.16956
1041 -0.268406 0.346143 0.055401 -0.256056 -0.0561298 0.702927 1.31797 -1.61584 -3.62958 2.19323
904 -0.114307 -0.0725235 -0.319991 0.0380304 -0.58408 0.558809 0.695932 -1.53485 -2.99224 1.94842
879 -0.292422 -0.366626 -0.417774 -0.241749 0.00637906 0.556935 0.901898 -1.61679 -3.55581 1.84008
76 -0.0777416 -0.209757 -0.413322 -0.414181 -0.269025 0.642688 0.620284 -1.27072 -2.5465 1.50493
935 0.0915655 -0.130764 -0.0461131 -0.363913 -0.191155 0.883465 0.843997 -1.26833 -2.72053 1.74679
936 0.116811 -0.154028 -0.111052 -0.534656 -0.351823 0.81033 0.726262 -1.3335 -2.70111 1.88216
789 0.298894 -0.178896 -0.608727 -0.133956 -0.790917 0.276301 0.636338 -1.71809 -3.19608 2.35045
1016 0.00760907 -0.00743649 -0.133016 -0.0822107 -0.595013 0.249346 0.254768 -1.26722 -2.37042 1.10502
1008 0.169405 -0.16184 -0.0306214 -0.39037 -0.129533 0.792602 1.00667 -1.22955 -2.77127 1.53372
959 -0.115133 -0.0554349 -0.111459 -0.228396 -0.306792 0.387583 0.739245 -1.26572 -2.61554 1.8236
329 -0.321853 -0.348392 -0.390283 -0.172181 0.047562 0.617735 1.07736 -1.73375 -4.05264 1.83961
330 -0.34082 -0.343682 -0.365966 -0.087178 0.0774206 0.646023 1.02197 -1.6549 -3.79827 1.84005
254 0.0337266 -0.0749151 -0.458526 -0.0511086 -0.4509 0.90772 1.17165 -1.38784 -3.0245 1.88399
416 -0.119498 -0.227283 -0.463128 -0.399462 -0.408565 0.466208 0.492839 -1.488 -2.98016 1.47965
642 -0.209619 -0.0402753 -0.360779 -0.597203 -0.613112 0.390284 0.580348 -1.3035 -2.73276 1.71216
557 -0.129697 0.0595776 -0.300335 -0.326346 -0.739026 0.479279 0.59173 -1.61293 -3.26504 1.69791
545 0.234057 -0.116432 -1.13876 -0.699759 -0.402919 1.062 0.862849 -1.60566 -3.61589 1.62283
544 0.236652 -0.058899 -1.11467 -0.82655 -0.462671 0.980348 0.972512 -1.6328 -3.73143 1.65039
408 0.0387957 -0.24654 -0.541542 -0.49487 -0.315221 0.613522 0.463032 -1.47054 -2.90904 1.45007
504 0.0174299 -0.00922544 -0.656494 0.00220258 -0.393879 0.450079 1.16859 -1.42079 -2.96296 2.59156
944 0.0266069 -0.0547852 -1.11259 0.0565842 -0.498598 0.472586 1.70223 -1.5253 -3.66281 2.63485
429 -0.173325 -0.0624002 -0.467816 -0.833407 -0.543287 0.394644 0.80969 -1.20893 -2.58656 1.69361
676 0.14833 0.34343 -0.419775 -0.291215 -0.0655712 0.379716 0.860056 -1.98954 -4.34744 2.17302
1070 -0.0526911 -0.11815 -0.0502327 -0.48687 -0.54324 0.489654 0.371936 -1.64046 -2.98492 1.86828
665 -0.308017 -0.267548 -0.372649 -0.207714 0.0590095 0.583299 0.973444 -1.63254 -3.60869 1.92347
328 -0.406188 -0.321408 -0.449467 -0.185503 0.0613826 0.632298 1.07742 -1.77403 -4.03562 1.87337
326 -0.381175 -0.331766 -0.390987 -0.0781617 0.106588 0.588283 1.01307 -1.70511 -3.87351 1.88
774 0.0172515 0.00155905 -0.257809 -0.238351 -0.336023 0.632125 0.732692 -1.49603 -2.97148 1.68399
1 0.0444838 0.0329114 -0.294763 -0.374408 -0.63209 0.472516 0.954886 -1.50996 -3.23509 1.58343
350 0.0784783 -0.202095 -0.167168 -0.361565 -0.627586 0.186237 1.32308 -1.53725 -4.12172 1.27763
353 0.0482595 -0.24208 -0.248074 -0.348443 -0.546759 0.276871 1.35431 -1.53897 -4.15119 1.25314
355 0.0687864 -0.217743 -0.182994 -0.300215 -0.534491 0.364146 1.38838 -1.52631 -4.16795 1.29576
1073 -0.11112 -0.052571 -0.221288 -0.212844 -0.419261 0.570711 0.408505 -1.39617 -2.68262 1.40248
572 0.248927 -0.0310655 -0.342176 -0.183143 -0.666689 0.5137 1.18155 -1.03776 -2.60808 1.32879
421 0.0148214 0.11523 -0.610127 -0.144832 -0.642587 0.877988 1.08725 -1.40804 -3.23379 1.71882
423 0.0964156 0.107655 -0.595029 -0.069929 -0.66144 0.805333 1.05236 -1.39855 -3.1789 1.74573
420 -0.0131345 0.0849688 -0.492071 -0.0294942 -0.564133 0.970381 1.1725 -1.4062 -3.25613 1.87759
588 -0.233583 -0.0551529 -0.372018 -0.292639 -0.117031 1.00127 0.5738 -1.34387 -2.71643 1.85959
1102 -0.127155 -0.12905 -0.189301 -0.211994 -0.227895 0.537174 0.456807 -1.29948 -2.30585 1.4248
947 0.0803326 -0.132042 -1.0576 0.0506939 -0.341533 0.566456 1.57519 -1.53195 -3.61331 2.66991
943 -0.00327422 -0.163274 -1.00702 -0.0428261 -0.399182 0.549402 1.42792 -1.59235 -3.54129 2.8259
869 0.124977 0.159848 -0.673102 -0.459339 -0.283734 1.17387 0.911448 -1.39271 -2.84284 2.14302
500 -0.020641 0.0471311 -0.372127 -0.0932194 -0.455401 0.551064 0.965108 -1.43832 -2.78804 2.47781
837 0.303377 -0.313796 -0.478379 -0.0669614 -0.800132 0.361469 0.801846 -1.42896 -3.25066 1.15957
596 0.171832 -0.115166 -0.65657 -0.497362 -0.780486 0.154697 1.03493 -1.24819 -3.12588 1.41994
1065 0.0104003 0.369343 -0.205734 -0.0161182 -0.364129 0.521798 0.999183 -1.69521 -3.70945 2.15363
1068 -0.0166105 0.346551 -0.162754 -0.0274965 -0.52503 0.641666 1.15023 -1.66824 -3.73656 2.08357
508 0.0188825 0.14044 -0.465469 -0.0475658 -0.566542 0.54426 1.0309 -1.37636 -2.81388 2.36704
810 0.338683 0.8452 -1.21534 -1.1384 -0.497964 1.45554 1.65794 -2.36588 -4.86769 3.34144
796 0.350355 0.852165 -1.22351 -1.2115 -0.567881 1.48755 1.68798 -2.35363 -4.95847 3.34149
795 0.31244 0.863232 -1.14239 -1.20227 -0.569039 1.41046 1.65087 -2.35993 -4.91475 3.39599
615 -0.0766106 0.599094 -0.444932 -0.331114 -0.831838 0.876253 1.45662 -2.03093 -4.88224 1.84978
549 0.0302776 0.189798 -0.452684 -0.3122 -0.782216 0.612016 0.513877 -1.84392 -3.67407 1.79252
60 -0.206848 -0.0744728 -0.0328095 -0.375945 -0.391481 0.700043 0.50922 -1.39048 -2.82103 1.47534
37 -0.0597913 -0.116729 -0.672872 -0.499372 -0.73554 0.0280094 1.06328 -1.17891 -3.032 1.47989
447 0.145231 -0.0701686 -0.139489 -0.291943 -0.326292 0.812474 0.779518 -1.3688 -2.96046 1.45157
449 0.143037 -0.211291 -0.161971 -0.0621752 -0.247326 0.708175 0.753554 -1.33409 -2.89109 1.49328
443 0.137465 -0.0949649 0.0451421 -0.291988 -0.32548 0.402527 1.06419 -1.13514 -2.92061 1.27855
866 0.170664 0.0998481 -0.63647 -0.37538 -0.261629 1.22698 0.892135 -1.52398 -2.93062 2.2619
624 0.197183 0.413969 -0.884769 -0.807968 -0.493296 1.16064 1.26233 -1.89807 -3.93118 2.99069
622 0.209578 0.38812 -0.855705 -0.752518 -0.510144 1.15729 1.2277 -1.89252 -3.86954 2.99191
621 0.18722 0.335194 -0.956832 -0.762763 -0.424111 1.20621 1.28729 -1.9236 -3.98419 3.0905
245 0.17541 0.437907 -0.937138 -0.730516 -0.427787 1.14147 1.2911 -2.01061 -4.13061 3.23278
874 0.198208 0.359916 -0.650559 -0.617434 -0.381975 0.855724 1.03406 -1.48461 -3.29191 2.34549
418 0.0797602 -0.119192 -0.337112 -0.32763 -0.717085 0.269333 0.529595 -1.0939 -2.49714 1.07496
758 0.123456 -0.323963 -1.27631 -0.051347 -0.310401 0.688769 1.44767 -1.30202 -3.31372 2.12848
75 -0.270729 0.115487 -0.224335 -0.418842 -0.370583 0.562974 0.267 -1.48177 -2.81658 1.53639
875 -0.349806 -0.3216 -0.422787 -0.235237 0.0953976 0.531068 0.853381 -1.64604 -3.51654 1.97679
880 0.0845844 0.380705 -0.314475 -0.155062 -0.65618 0.198861 1.3889 -1.38931 -3.71489 1.40116
845 -0.1603 -0.0566805 -0.272293 -0.51663 -0.426191 0.23528 0.53694 -0.959171 -2.22307 1.27017
266 -0.107633 0.0509053 -0.238786 -0.315927 -0.712363 0.492336 0.438266 -1.68641 -3.32709 1.559
399 -0.114178 -0.290989 -0.318846 -0.510025 -0.180404 0.839326 0.567016 -1.36009 -2.71545 1.73833
182 -0.0233753 0.16694 -0.43213 0.1976 -0.752911 0.458927 0.701415 -1.59621 -3.29226 1.66409
1069 -0.121701 0.162584 -0.138708 -0.416525 -0.700505 0.492611 0.422397 -1.67329 -3.54665 1.45438
1072 -0.0582452 0.116696 -0.155202 -0.388982 -0.494408 0.438509 0.434493 -1.42306 -2.9672 1.25049
835 -0.0782137 -0.1698 -0.236923 -0.525152 -0.315063 0.586604 0.549367 -1.23736 -2.48237 1.35133
989 -0.0707458 -0.17057 -0.314841 -0.49209 -0.253939 0.504604 0.382405 -1.08267 -2.25223 1.08563
118 0.295995 -0.247193 0.0480078 -0.5832 -0.730412 0.304124 1.30699 -1.71582 -4.15159 1.59274
111 0.263694 -0.164768 -0.0630403 -0.562989 -0.608841 0.347863 1.42499 -1.65837 -4.23148 1.65004
248 0.105841 -0.192904 0.0117584 -0.0584584 -0.455714 0.377246 0.78949 -1.10997 -2.78382 0.818151
250 -0.0604218 -0.0630281 -0.488228 0.0340147 -0.296722 1.05876 1.04538 -1.52419 -3.11017 1.91577
811 0.0981036 -0.0352809 -0.289604 -0.0947223 -0.614191 0.513833 1.09777 -0.948227 -2.34 1.30144
282 0.0782268 -0.067384 -0.0125142 -0.185597 -0.697181 0.498627 1.18546 -1.58013 -4.01603 1.07262
22 -0.123564 0.101319 -0.25535 -0.275607 -0.323877 0.698547 0.646839 -1.58484 -3.07014 1.99593
881 0.0936881 0.294368 -0.365333 -0.171514 -0.614574 0.153764 1.41371 -1.30166 -3.56285 1.4298
882 0.0523837 0.37858 -0.241317 -0.144583 -0.55668 0.273495 1.26822 -1.47188 -3.6817 1.4912
121 0.169467 0.176125 -0.404206 -0.355082 -0.323369 1.00515 0.905886 -1.37225 -2.7544 2.07564
748 0.279938 -0.248165 -1.07421 -0.227041 -0.257313 1.14453 1.24685 -1.45246 -3.50304 2.02844
751 0.228467 -0.185575 -0.960289 -0.0633061 -0.231171 1.1916 1.13711 -1.4336 -3.40129 1.99494
761 0.100606 -0.260916 -1.22485 -0.045184 -0.234776 0.758136 1.32246 -1.42143 -3.30697 2.29242
762 0.0892716 -0.248109 -1.2262 -0.098224 -0.304612 0.824115 1.43379 -1.39581 -3.44753 2.21252
160 0.54403 0.639826 -0.573218 -1.82215 -1.07978 0.716807 1.99571 -2.21236 -5.70487 2.15932
154 0.553706 0.667438 -0.58413 -1.87291 -1.07072 0.79336 1.93288 -2.20822 -5.73295 2.19461
158 0.540952 0.688054 -0.583049 -1.86079 -1.01621 0.788109 1.92313 -2.17779 -5.6329 2.15531
167 0.519639 0.69431 -0.591766 -1.84451 -1.09584 0.728031 1.94324 -2.16793 -5.76052 2.10243
157 0.584803 0.626185 -0.636969 -1.81226 -1.01431 0.836012 1.99492 -2.23561 -5.72774 2.07722
166 0.533924 0.682174 -0.585762 -1.88994 -1.00851 0.760269 1.89054 -2.17724 -5.66739 2.13563
149 0.514592 0.688202 -0.584179 -1.88343 -1.06803 0.774104 1.95059 -2.27082 -5.80949 2.18783
985 0.325012 0.128945 -0.229344 -0.656813 -0.80141 0.594117 0.955147 -1.63057 -3.61874 1.77739
987 0.418975 -0.0178471 -0.350401 -0.679625 -0.918794 0.65122 0.968042 -1.56121 -3.47915 1.64896
343 -0.0251964 -0.327943 -0.0970678 -0.452317 -0.168312 0.691003 0.34257 -1.06806 -2.06637 1.48911
939 0.141658 -0.253361 -0.308768 -0.142483 -0.29073 0.895349 0.748265 -0.961215 -2.29837 1.17867
448 0.206204 -0.107781 -0.295255 -0.161792 -0.277469 0.827065 0.971089 -1.2336 -2.90158 1.43801
249 -0.137608 -0.0316876 -0.426606 -0.00293849 -0.253387 0.873448 0.885692 -1.42122 -2.81909 1.82111
12 0.187871 -0.246692 -0.696712 -0.327272 -0.103806 0.864996 0.705003 -1.14687 -2.62023 1.05134
491 -0.183907 -0.312251 -0.148397 -0.473648 -0.055128 0.534347 0.441884 -1.15061 -2.46263 1.46609
716 0.0161009 -0.200214 0.0127805 -0.0554506 -0.362701 0.427624 0.553755 -1.31859 -2.57211 1.75306
13 0.00755893 0.297668 -0.474938 -0.274526 -0.445866 0.674646 1.21234 -1.55311 -3.44929 1.98004
446 0.216693 0.152467 -0.351087 -0.242583 -0.711583 0.38602 1.23454 -1.22081 -3.00699 1.33821
373 0.211964 -0.175734 -0.228327 -0.445599 -0.699995 0.233705 1.21447 -1.26658 -3.21462 1.19324
452 0.19742 -0.0833139 -0.445187 0.0160137 -0.591741 0.668277 1.0257 -1.01784 -2.49765 1.31243
1156 0.136744 0.0467379 -0.493939 -0.172043 -0.97479 0.5383 1.16487 -1.21133 -2.93997 1.40438
233 0.0261205 0.134748 0.033824 -0.456767 -0.454335 0.128073 1.05227 -1.46103 -3.06925 2.08104
963 -0.111607 0.031146 -0.320332 -0.477404 -0.704615 0.706503 0.854571 -1.3416 -3.31304 1.34922
265 -0.264926 0.152276 -0.250663 -0.650725 -0.503826 0.350652 0.528166 -1.48162 -3.09856 1.47848
152 0.568781 0.701389 -0.54965 -1.9453 -1.0948 0.824631 1.93411 -2.21818 -5.8258 2.22582
347 -0.223136 -0.09969 -0.252332 -0.605861 -0.528683 0.238659 0.657077 -1.06247 -2.41153 1.48232
1071 -0.0831841 0.126276 -0.285207 -0.28507 -0.434475 0.654172 0.405997 -1.48543 -2.65877 1.40802
1157 0.176344 -0.0514523 -0.601425 -0.217297 -0.946928 0.586574 1.19474 -1.21433 -2.99374 1.60192
1115 0.487833 0.0287661 -0.369804 -0.707287 -0.946063 0.735067 0.985926 -1.5769 -3.67729 1.65245
1015 0.177006 -0.0729968 -0.444168 -0.277909 -0.806199 0.385053 0.793616 -1.53551 -2.95769 1.93197
802 -0.0208119 -0.0178112 0.0222459 -0.126317 -0.302434 0.711307 0.698457 -1.33791 -2.63763 1.61119
776 -0.031042 -0.0292966 -0.275576 -0.258738 -0.345636 0.608933 0.753779 -1.579 -3.06468 1.78156
321 0.192865 0.0562899 -0.622997 -0.505258 -0.827842 0.554927 1.44023 -1.71654 -4.13116 1.95394
73 0.234237 0.450008 -0.800436 -0.740185 -0.85279 0.826062 1.4059 -1.98401 -4.41336 2.38967
559 -0.0642411 -0.0508069 0.0310193 -0.107819 -0.303418 0.626739 0.695531 -1.38936 -2.73851 1.74205
738 0.240513 0.305563 -0.590756 -0.505806 -0.792723 0.771222 1.1568 -1.74048 -3.7748 2.02108
74 0.112304 0.369405 -0.469542 -0.493012 -0.672903 0.736664 0.826803 -1.62747 -3.39524 1.86704
722 -0.231476 -0.0784347 -0.620475 -0.424091 -0.494998 0.52755 0.892812 -1.27155 -2.78923 1.84206
523 0.0027497 0.0278785 -0.240661 -0.400484 -0.30065 0.762013 0.711399 -1.59402 -3.09276 1.80063
583 -0.0448222 0.0799505 -0.601833 -0.423007 -0.433659 0.874737 1.11048 -1.12736 -2.84032 1.37728
753 0.273229 -0.241736 -0.937733 -0.210271 -0.231642 1.04435 1.21949 -1.40167 -3.4316 1.82241
750 0.263131 -0.24354 -1.12517 -0.0931969 -0.223907 1.16206 1.09439 -1.48151 -3.52667 1.99991
1088 0.0441221 -0.102134 -0.074643 -0.456942 -0.140921 0.973828 0.925349 -1.30852 -2.9721 1.85028
375 0.0661503 0.0329601 -0.241489 -0.47126 -0.41442 0.509345 0.664274 -1.52259 -2.90659 1.81477
218 0.126787 -0.181432 -0.38096 -0.160597 -0.294331 0.888547 0.695279 -1.28365 -2.64102 1.5908
534 0.0827432 -0.0218934 -0.357166 0.0624328 -0.755564 0.419781 0.554642 -1.1525 -2.63991 1.01648
57 -0.0789869 -0.291511 -0.313311 -0.641937 -0.811381 -0.161793 1.0921 -1.27106 -3.34789 1.4483
77 -0.0759998 -0.0359352 -0.371725 -0.484016 -0.228172 0.71581 0.533306 -1.25933 -2.71267 1.1781
401 0.0992001 0.295631 -0.558663 -0.288935 -0.447259 0.799899 0.757637 -1.17538 -2.28404 1.95107
757 0.195828 0.312733 -0.684943 -0.443473 -0.425737 0.946615 1.03629 -1.53515 -3.05168 2.44838
469 0.263173 0.241074 -0.661321 -0.205045 -0.189164 0.736385 0.789863 -1.34645 -2.58592 1.9749
279 0.0336155 -0.0700006 0.162707 -0.249152 -0.388944 0.371461 0.844047 -1.1641 -2.58701 1.56278
1127 0.349391 -0.296112 -0.523055 -0.24036 -0.73313 0.441802 0.752814 -1.38528 -3.23182 1.2684
777 -0.259878 0.0898504 -0.130173 -0.562408 -0.493066 0.291823 0.450277 -1.78445 -3.52074 1.66446
784 -0.292687 0.171105 -0.0753814 -0.685158 -0.451466 0.435964 0.561993 -1.82492 -3.67054 1.70323
787 -0.274811 0.140702 -0.13234 -0.654905 -0.439425 0.46036 0.533323 -1.8574 -3.66995 1.76468
775 -0.180829 0.093695 -0.252235 -0.588514 -0.360656 0.598172 0.61655 -1.68413 -3.33632 1.7767
564 -0.0542701 -0.221329 -0.691393 -0.333809 -0.0583208 0.793042 0.825243 -1.23896 -2.91422 1.41228
590 -0.0733477 -0.0784681 -0.949141 -0.190096 -0.110063 1.1898 0.951549 -1.46967 -3.18465 1.78141
619 0.221137 0.365633 -0.823758 -0.626276 -0.505265 1.12721 1.29452 -1.88761 -3.84938 3.13067
970 -0.176582 0.189494 -0.361707 -0.205034 -0.440369 0.8211 0.345598 -1.56443 -3.02057 1.81096
241 -0.0340445 0.116762 -0.358175 -0.616974 -0.360063 0.750205 0.393673 -1.29671 -2.72471 1.05667
1112 0.463704 0.0343546 -0.424548 -0.500003 -0.876103 0.783857 1.07063 -1.48087 -3.4504 1.72151
539 0.290394 -0.167232 -1.14979 -0.669504 -0.458799 1.05307 0.902903 -1.70097 -3.80688 1.64719
261 -0.10314 -0.111841 -0.265256 -0.000388231 -0.606036 0.490918 0.498555 -1.50326 -2.8921 1.79728
412 -0.0580985 0.130274 -0.362219 -0.643218 -0.55404 0.770055 0.671754 -1.5493 -3.46218 1.61943
410 -0.122016 0.243021 -0.411794 -0.734691 -0.583303 0.890539 0.572317 -1.58311 -3.36653 1.6439
405 -0.056248 0.161107 -0.312951 -0.418366 -0.510316 0.587184 0.542628 -1.25077 -2.73616 1.38944
1074 -0.0301127 -0.0838934 0.00115869 -0.420034 -0.597932 0.332326 0.511909 -1.47569 -3.03024 1.62177
613 0.0138982 0.555119 -0.351786 -0.208013 -0.889707 0.789027 1.17158 -1.77781 -4.09666 1.7217
609 0.0900534 0.614778 -0.681362 -0.441784 -0.798862 0.916418 1.60258 -2.09295 -5.11469 2.01866
610 0.0873014 0.60663 -0.709897 -0.501572 -0.798021 0.948373 1.61502 -2.10991 -5.20446 2.0354
608 0.0520758 0.594895 -0.680448 -0.41105 -0.866954 0.921743 1.60564 -2.07633 -5.18492 2.06265
592 0.12923 -0.384221 0.0630855 -0.555767 -0.680499 -0.0967196 0.992574 -1.14605 -3.17465 1.2734
595 0.0375178 -0.393356 -0.140681 -0.507314 -0.72591 -0.0891298 1.14792 -1.0492 -3.23196 1.26176
783 -0.157361 0.0258991 -0.295855 -0.553179 -0.362436 0.609325 0.594964 -1.72124 -3.3502 1.72574
53 -0.120255 0.0238641 -0.217147 -0.543362 -0.415583 0.644353 0.615558 -1.27335 -2.49958 1.53878
40 -0.224664 -0.309877 -0.164267 -0.475709 -0.520141 0.219431 0.754573 -1.27586 -2.89378 1.55623
743 -0.376044 -0.315025 -0.523511 -0.00514208 -0.0207364 0.507058 1.11314 -1.45199 -3.46883 1.6759
703 -0.0841157 -0.129213 -0.0887415 -0.164721 -0.23918 0.535632 0.423643 -1.20549 -2.27151 1.47227
1080 0.00740008 -0.0115933 -0.220999 -0.303398 -0.253225 0.660133 0.555614 -1.44443 -2.57847 1.80885
400 0.00887139 -0.15201 -0.481538 -0.113692 -0.346068 0.749387 0.582715 -1.35029 -2.69895 1.69253
851 -0.228672 -0.223171 -0.307274 -0.599137 -0.648259 0.161266 0.813582 -1.24586 -2.83971 1.62614
556 0.0178775 0.158346 -0.363246 -0.301505 -0.806363 0.548592 0.502635 -1.73831 -3.58485 1.77712
591 -0.105211 -0.0780232 -0.87595 -0.110164 -0.0791343 1.25809 0.974431 -1.47482 -3.23584 1.87239
834 0.0455552 -0.198674 -0.513188 -0.439909 -0.341359 0.664738 0.383027 -1.33707 -2.71876 1.3577
971 -0.0852955 0.079789 -0.2822 -0.422402 -0.472773 0.625841 0.703052 -1.00822 -2.60429 0.915845
274 -0.0469756 0.0433816 -0.678695 -0.641629 -0.716017 -0.0782315 0.927379 -1.15534 -3.02434 1.55194
829 0.158939 0.283537 -0.677068 -0.292694 -0.321699 0.701032 0.929046 -1.19972 -2.46478 2.04867
927 0.175182 -0.000546973 -0.335459 -0.129565 -0.572522 0.790628 1.04568 -1.27608 -2.95143 1.48402
201 0.0211505 -0.0961905 -0.38078 -0.140787 -0.150886 0.911309 0.648573 -1.335 -2.62655 1.6236
949 0.322176 -0.0840177 -0.62789 -0.233525 -0.653786 0.469391 1.14997 -1.15662 -3.05379 1.44725
242 0.0772835 0.206061 -0.521667 -0.298132 -0.259251 0.916102 0.711573 -1.40796 -2.50293 2.01987
524 0.295613 -0.0982742 -0.394734 -0.643051 -0.450618 0.67734 0.246646 -1.50318 -2.71451 1.66308
1018 0.184037 -0.0612662 -0.24292 -0.471317 -0.892205 0.387709 0.774565 -1.51251 -2.96411 1.88878
611 0.0657902 0.474771 -0.352862 -0.295777 -0.748214 0.717731 1.03653 -1.61728 -3.79133 1.48462
928 0.348775 -0.166837 -0.174269 -0.646678 -0.441201 0.952724 1.08666 -1.87366 -4.1897 1.76042
969 -0.168827 0.096635 -0.420343 -0.247532 -0.461356 0.83715 0.474297 -1.5927 -3.05653 1.95799
991 0.0607208 0.0805935 -0.196926 -0.345728 -0.482696 0.516974 0.62299 -1.452 -2.79006 1.73716
786 0.281378 -0.116795 -0.597902 -0.102461 -0.798749 0.252289 0.55363 -1.646 -3.24842 2.08066
863 -0.209473 0.0132602 -0.276954 -0.0979308 -0.368414 0.686987 0.492301 -1.28731 -2.54322 1.5931
756 0.216252 0.351397 -0.713884 -0.465687 -0.337351 1.01699 1.10306 -1.59526 -3.06148 2.49157
454 0.272075 0.0729726 -0.834774 -0.492172 -0.916834 0.318896 1.59103 -1.66366 -4.15235 1.92828
728 -0.275149 -0.245774 -0.430762 -0.491216 -0.361348 0.0426878 0.617848 -1.26671 -2.67873 1.62831
1116 0.47347 0.00355098 -0.3277 -0.677814 -0.884065 0.642056 0.995214 -1.47626 -3.48964 1.58731
828 -0.108325 -0.0131051 -0.184899 -0.482862 -0.0634931 0.672348 0.568399 -1.00992 -2.4889 0.811837
923 0.351036 -0.0803487 -0.157601 -0.715777 -0.52558 1.02275 1.15519 -1.87454 -4.41632 1.78316
440 0.187691 0.241313 -0.584336 -0.358068 -0.358522 0.700625 0.856999 -1.03831 -2.25108 1.77523
614 0.090838 0.624617 -0.661268 -0.464318 -0.804484 0.963961 1.63643 -2.07716 -5.06839 1.9887
616 0.0715779 0.541246 -0.413232 -0.284973 -1.00904 0.799398 1.21441 -1.89497 -4.3868 1.81493
1114 0.324795 -0.0648649 -0.380594 -0.270672 -0.644696 0.747623 1.13111 -1.2792 -3.00793 1.69076
402 -0.105269 -0.0270813 -0.178871 -0.104445 -0.379677 0.54264 0.60444 -1.16239 -2.33291 1.3144
39 0.0653539 -0.183019 -0.548083 -0.112529 -0.410457 0.471379 1.11498 -1.23727 -3.07639 1.40532
893 0.175151 0.0798374 -0.451406 -0.361935 -0.616422 0.48276 0.944513 -1.34957 -3.04779 1.46197
322 0.155576 0.0887598 -0.424931 -0.338242 -0.534214 0.442877 1.08851 -1.31992 -3.14177 1.56381
284 -0.0174884 0.0596573 -0.0701638 -0.252695 -0.616914 0.675812 1.09919 -1.50846 -3.94087 1.08527
745 -0.212385 -0.327326 -0.299296 -0.235994 -0.0208646 0.553317 0.845809 -1.48779 -3.5918 1.44149
746 -0.176883 -0.323987 -0.347675 -0.162807 -0.116491 0.471378 0.859303 -1.43114 -3.4878 1.35954
540 0.239188 -0.110492 -1.12195 -0.717108 -0.414119 0.968573 0.883111 -1.69016 -3.62145 1.7347
541 0.0908728 -0.102894 -0.683419 -0.523985 -0.386533 0.948412 0.710725 -1.5488 -3.12013 1.66952
799 0.0882148 -0.191352 -0.498989 -0.178994 -0.450188 0.110684 1.35385 -0.810056 -2.61403 0.98837
974 -0.254729 0.115207 -0.15123 -0.572473 -0.540259 0.403184 0.427706 -1.58725 -3.2743 1.62639
637 0.27755 -0.27554 -0.590748 -0.346703 -0.180599 1.00416 0.641318 -1.22808 -2.83025 1.1793
623 0.198852 0.391395 -0.718792 -0.684694 -0.569409 0.899078 1.16977 -1.66275 -3.59176 2.31406
275 -0.0834193 0.103736 -0.421108 -0.526605 -0.602761 0.0471864 0.76775 -1.12536 -2.49953 1.45875
660 0.0323363 -0.0107538 -0.0595603 -0.142164 -0.359242 0.502088 0.428619 -1.08395 -1.98832 1.32869
1017 0.169849 -0.062713 -0.285888 -0.236095 -0.78136 0.407716 0.759366 -1.48501 -2.85266 1.87289
1097 0.071253 -0.194667 0.096378 -0.402156 -0.42182 0.504094 0.976536 -1.70394 -3.776 1.69098
1113 0.294802 0.0292522 -0.322524 -0.331948 -0.609519 0.844109 1.21961 -1.18976 -2.94842 1.54259
251 0.143692 -0.0926307 -0.374445 -0.14867 -0.65138 0.655199 1.13195 -1.10439 -2.51791 1.46167
1061 -0.039507 -0.0878567 -0.338869 -0.183628 -0.214311 0.583046 0.651561 -1.33516 -2.45378 1.62428
527 -0.0957179 0.00824999 -0.166992 -0.248819 -0.278137 0.714953 0.706061 -1.60066 -3.08639 1.86902
1083 0.000729139 -0.00752183 -0.174519 -0.399114 -0.270578 0.643546 0.618201 -1.39607 -2.6514 1.7209
1092 0.101229 -0.127188 -0.0677215 -0.356977 -0.521693 0.403526 0.876437 -1.61206 -3.49128 1.61993
1096 0.0871457 0.0843126 -0.103082 -0.562543 -0.550721 0.585334 0.848757 -1.63415 -3.69677 1.66762
938 0.0197437 0.0798828 -0.274096 -0.272805 -0.301378 0.458032 0.703571 -1.14104 -2.47548 1.41151
1021 0.116753 -0.109774 -0.791761 -0.515598 -0.378237 0.784993 0.633811 -1.3907 -2.94126 1.46379
862 0.0848702 0.00343473 -0.560001 -0.454526 -0.379356 0.80988 0.683197 -1.35104 -2.80163 1.40461
530 0.00539655 0.00321413 -0.115336 -0.503796 -0.321223 0.805438 0.699663 -1.56684 -3.1323 1.7775
766 -0.200095 0.058122 -0.060488 -0.131034 -0.367291 0.560974 0.581071 -1.1767 -2.19304 1.37918
1020 0.155829 -0.061096 -0.721472 -0.569737 -0.375367 0.628652 0.592316 -1.22743 -2.6145 1.15595
1128 0.0813093 -0.0247808 -0.540518 -0.452924 -0.131916 0.811765 0.353007 -1.33579 -2.84086 1.06458
790 0.139965 -0.0647309 -0.0195914 -0.118796 -0.513323 0.440858 0.938667 -1.01853 -2.51122 1.10964
941 0.348519 -0.035364 -0.655001 -0.299392 -0.745351 0.268374 1.20866 -1.18144 -3.15534 1.43597
633 0.0733631 -0.338994 -0.020476 -0.150588 -0.0493755 0.747372 0.878081 -0.977806 -2.39064 1.31102
1099 0.0463933 -0.0295179 -0.059103 -0.648566 -0.509257 0.5263 1.03956 -1.79977 -3.97438 1.83878
744 -0.355026 -0.285311 -0.467101 0.003303 -0.0488212 0.447676 1.17269 -1.45907 -3.52684 1.5652
308 0.16819 -0.230748 -0.99635 -0.320396 -0.177182 1.09542 0.857043 -1.40293 -3.29043 1.39607
873 0.192589 0.3937 -0.67691 -0.578562 -0.416832 0.940909 1.02578 -1.6185 -3.3776 2.40086
864 0.0443285 0.243099 -0.377331 -0.251275 -0.293228 0.537722 0.88134 -1.25073 -2.82337 1.62484
990 0.0310251 0.181891 -0.217445 -0.366858 -0.422033 0.618313 0.626108 -1.36837 -2.67226 1.60037
510 0.245404 0.0157308 -0.60804 -0.0956667 -0.891171 0.354465 0.973312 -1.27155 -3.09266 1.38981
