917 10
636 0.0645034 -0.183697 0.387713 -0.0998138 -0.165976 1.24166 -1.12607 -0.221794 -1.8419 2.27172
23 0.0844089 -0.0307082 0.345733 -0.244438 -0.223688 1.40297 -1.2808 -0.0973714 -1.90936 2.62078
211 0.184638 -0.141153 0.529913 -0.0882413 -0.276867 1.61444 -1.28875 -0.263583 -1.90204 2.85618
119 0.208901 0.129626 0.693953 -0.088072 -0.362239 1.59935 -1.28858 0.00811507 -2.13765 2.55244
468 -0.0229475 -0.118231 0.51517 -0.053148 -0.205168 1.63387 -1.2722 -0.196337 -1.69809 2.80013
200 0.124934 -0.204211 0.688321 -0.0973977 -0.171725 1.37834 -1.03523 -0.158972 -1.75715 2.56469
28 -0.14888 -0.00321357 0.500118 -0.191837 0.0330167 1.48411 -1.14562 -0.0129789 -1.94192 2.45787
403 0.13699 -0.135459 0.547324 -0.351585 0.0938732 1.63171 -1.29187 0.187991 -2.356 2.37144
1128 0.236534 0.141218 0.378183 -0.455234 0.172901 1.56612 -1.08019 -0.00271358 -2.33373 1.90815
5 0.11636 0.117112 0.311312 -0.402959 0.218576 1.7797 -1.34892 0.0272356 -2.38356 2.25214
6 0.341004 0.298087 0.358403 -0.511004 0.181294 2.22175 -1.38177 -0.367988 -2.1499 3.43783
1038 0.147481 0.702698 0.453069 -0.38716 0.135113 2.43253 -1.4277 -0.409871 -2.37038 3.60509
1068 0.187719 0.39146 0.237383 -0.558941 0.00979266 2.1008 -1.40017 -0.396999 -2.20488 3.46862
1041 0.17921 0.665585 0.457297 -0.441703 0.135612 2.36195 -1.43673 -0.47488 -2.34234 3.57994
1035 0.200786 0.63329 0.404589 -0.472782 0.124766 2.4107 -1.41221 -0.500214 -2.40437 3.55121
174 0.0314972 0.294861 0.320987 -0.284657 -0.0350951 1.75349 -1.16293 -0.340417 -1.82006 2.75021
1025 0.165958 0.589601 0.474738 -0.459925 0.13425 2.36557 -1.3723 -0.476138 -2.32189 3.54489
229 0.268986 0.266918 0.585156 -0.25264 -0.115607 1.68563 -1.24447 -0.429761 -1.84264 3.31821
232 0.207269 0.144246 0.877214 -0.199098 -0.27566 1.71471 -1.4022 -0.30157 -1.87951 3.88195
231 0.0842291 -0.0566262 0.526153 -0.185181 -0.336538 1.48035 -1.14672 -0.408639 -1.8491 2.91105
146 0.183907 0.311236 0.666364 -0.148358 -0.0372647 1.93341 -1.10452 -0.465691 -2.16511 2.88278
1037 0.171858 0.591801 0.435442 -0.392823 0.151661 2.34822 -1.38279 -0.430371 -2.33024 3.50211
504 -0.205355 -0.100622 0.364087 0.0786997 0.165265 1.86643 -1.49959 -0.303105 -1.7371 3.24681
508 -0.00567061 -0.060673 0.321731 0.0227409 0.0242215 1.6014 -1.46503 -0.328863 -1.59105 3.02315
693 0.07222 0.072728 0.521427 -0.102095 -0.186128 1.62748 -1.14985 -0.363847 -1.84345 2.68482
137 0.100737 0.0658346 0.645536 -0.055284 -0.0638582 1.80879 -1.17978 -0.344489 -2.15691 2.46736
1109 0.135341 0.259059 0.790091 0.0573226 0.013545 1.97653 -1.27011 -0.555139 -2.5349 2.65999
10 0.00993747 0.131328 0.824459 -0.0121975 0.0498083 1.9062 -1.02315 -0.348183 -1.96636 2.70996
145 0.24485 -0.0164097 0.901767 -0.0862157 -0.1438 1.95698 -1.0324 -0.35917 -2.27678 2.75949
104 0.316127 0.216266 0.952644 -0.0252501 -0.327151 1.88104 -1.34997 -0.231166 -2.49685 2.89957
825 0.638691 0.427322 1.21327 -0.211081 -0.556109 2.29077 -1.84716 0.264241 -3.2253 3.63114
824 0.60221 0.450567 1.30507 -0.182166 -0.615134 2.20151 -1.85707 0.258356 -3.20262 3.74983
816 0.587736 0.391831 1.23134 -0.16118 -0.613803 2.24654 -1.84844 0.230797 -3.22358 3.65434
814 0.617156 0.383534 1.24821 -0.149769 -0.555486 2.26393 -1.82717 0.242387 -3.16211 3.62287
819 0.646093 0.440115 1.12572 -0.26249 -0.581405 2.35116 -1.90551 0.289398 -3.2748 3.71076
818 0.607137 0.383071 1.22558 -0.155557 -0.562269 2.19629 -1.82943 0.276141 -3.16429 3.63453
148 0.082335 0.109306 0.951932 -0.0149075 -0.145063 1.92248 -1.18146 -0.407821 -2.30197 2.85192
66 -0.041558 -0.105958 0.849295 -0.120148 -0.112048 1.86443 -0.994151 -0.330204 -2.13623 2.66453
255 -0.234419 -0.00487637 0.618489 -0.216687 -0.11525 1.983 -1.03163 -0.0554422 -1.85582 2.61337
646 -0.184758 0.131104 0.453635 -0.430332 -0.0974403 1.99371 -1.22082 0.170801 -2.16835 2.62955
46 -0.087703 0.24122 0.43309 -0.294345 -0.0721626 1.73385 -1.37209 -0.00883804 -2.26262 2.66028
645 -0.0608301 0.160514 0.300252 -0.357819 0.0859493 1.62032 -1.37134 0.0292564 -2.22345 2.46249
1067 0.161171 0.324316 0.287608 -0.536998 0.0936892 2.19871 -1.43837 -0.411261 -2.30478 3.47179
1065 0.233434 0.285999 0.340457 -0.508556 -0.015997 2.11135 -1.37215 -0.395923 -2.23556 3.44437
1063 0.21105 0.278394 0.264883 -0.535989 0.0379244 2.11788 -1.35883 -0.386903 -2.23534 3.48856
30 -0.107447 0.0385938 0.650926 -0.261617 0.10928 1.76068 -0.974466 -0.00852029 -1.60861 2.42437
323 -0.137503 0.0618421 0.771672 -0.205498 0.4239 2.2652 -0.990546 -0.160605 -2.17963 2.57114
337 -0.0681509 0.0555226 0.533996 -0.244873 0.282731 1.92931 -0.907195 -0.0621879 -1.84245 2.00388
350 -0.108922 -0.000664775 0.653815 -0.340177 0.501718 2.4708 -1.02472 -0.0720673 -2.20742 2.5365
336 -0.160981 0.0824379 0.60624 -0.224001 0.259363 1.94361 -0.955319 0.0845364 -1.77653 2.09834
48 0.00362931 0.117652 0.400102 -0.307823 -0.0534486 1.58322 -1.31569 0.0813977 -2.1762 2.59128
18 0.0399139 -0.0552285 0.5024 -0.0652438 0.093698 1.40572 -1.25267 -0.438014 -2.08359 2.47731
40 -0.155813 0.0366444 0.715315 -0.0776285 -0.0307406 1.20192 -1.20691 -0.0910504 -1.9549 2.54419
343 0.151451 0.125046 0.536805 -0.219587 -0.395209 1.16264 -0.908385 -0.188212 -1.74491 2.02413
520 -0.0821531 0.128117 0.577961 -0.315004 -0.130781 1.59418 -1.19301 0.00916129 -2.30776 2.55324
172 -0.0591708 -0.0728344 0.505547 -0.0545582 0.148834 1.69922 -1.31742 0.182818 -2.22094 2.22659
907 0.316923 -0.26343 0.588124 -0.0153971 0.246605 1.34684 -1.61672 -0.535838 -2.65308 3.27493
1029 0.171864 0.646033 0.420897 -0.469706 0.15435 2.3782 -1.38429 -0.418676 -2.27718 3.51921
1027 0.204194 0.593653 0.432883 -0.448616 0.187968 2.35892 -1.39639 -0.466542 -2.31382 3.55598
1036 0.202124 0.640052 0.438926 -0.461722 0.230248 2.38959 -1.41977 -0.472209 -2.42252 3.58907
1032 0.158294 0.611959 0.366761 -0.429132 0.159293 2.4276 -1.47303 -0.402044 -2.32166 3.56764
1026 0.135828 0.652802 0.443191 -0.520339 0.140124 2.4349 -1.44642 -0.448052 -2.36397 3.61122
1024 0.18222 0.69165 0.444069 -0.492081 0.0783769 2.36501 -1.40179 -0.435115 -2.36146 3.61115
1028 0.0976685 0.607967 0.503041 -0.455691 0.10442 2.38001 -1.4044 -0.496267 -2.32844 3.66315
1034 0.147548 0.621354 0.439002 -0.472473 0.141868 2.32104 -1.37343 -0.433406 -2.24404 3.53443
120 0.203408 0.0945235 0.653228 0.175293 0.33814 2.09496 -1.85893 0.0181928 -2.12746 3.37085
123 0.275732 0.0433909 0.61293 -0.0667308 -0.0219903 1.71393 -1.1305 -0.409793 -2.04166 2.61356
129 0.0200338 0.142823 0.529733 -0.184229 -0.179389 1.64994 -1.23554 -0.169426 -1.55121 3.01079
788 -0.106371 -0.284185 0.470314 -0.191858 -0.214827 1.97743 -1.34098 -0.0405188 -1.66628 3.23595
260 -0.0540494 -0.272338 0.420779 -0.234303 -0.261931 1.70551 -1.26781 -0.18316 -1.72234 3.04342
7 -0.183511 0.0501502 0.676023 -0.209593 -0.116544 1.93882 -1.06985 -0.330454 -1.94122 2.84062
352 0.00656434 -0.120915 0.908004 -0.0460466 0.0813962 1.96775 -1.03929 -0.45085 -2.22208 2.80989
929 0.00644781 -0.0132424 1.05857 -0.2029 0.178577 2.40159 -1.16688 -0.348858 -2.55266 3.31428
926 0.0790085 0.0152964 1.08432 -0.183325 0.0834448 2.47264 -1.29269 -0.247572 -2.68935 3.30409
924 0.0931201 0.130932 1.08881 -0.143414 0.13368 2.45884 -1.31727 -0.386564 -2.70859 3.295
948 0.274454 0.0227451 0.643706 -0.0546378 -0.191819 1.82505 -1.19671 -0.337325 -2.19438 2.51087
230 0.327135 0.221554 0.623021 -0.242778 -0.135827 1.62961 -1.28009 -0.408826 -1.87659 3.30933
233 0.314697 0.267925 0.651795 -0.251759 -0.148285 1.67475 -1.26394 -0.452829 -1.89498 3.22939
461 0.22229 0.209512 0.797629 -0.00152689 -0.0734359 1.8065 -1.20633 -0.428603 -2.34086 2.60547
70 0.137162 -0.0953327 0.718072 -0.13477 -0.217134 1.80837 -1.10828 -0.297174 -2.06844 2.68064
102 0.0545105 0.00146534 0.742652 -0.0530597 -0.0120041 1.67332 -0.985237 -0.391674 -1.93932 2.43192
884 -0.0985309 -0.0717415 0.720297 -0.0428173 0.322879 1.84267 -0.950425 -0.547904 -2.11436 2.60934
370 0.174607 0.0806219 0.684259 0.0496867 -0.0947736 1.74896 -1.21551 -0.418503 -2.10389 2.56363
78 -0.0745601 0.0166809 0.387078 -0.399896 -0.080796 1.74967 -1.27606 -0.23954 -2.31262 2.75187
84 -0.0620968 -0.0587437 0.398886 -0.323194 -0.076058 1.5972 -1.34473 -0.195074 -2.30958 2.71861
247 -0.0705686 -0.133564 0.695395 -0.104669 0.395305 2.17413 -1.00842 -0.426947 -2.25639 2.65209
116 -0.0854526 -0.0360851 0.796153 -0.0826976 0.404838 2.20217 -1.00098 -0.345489 -2.16326 2.80751
941 -0.149061 -0.0110878 0.519276 -0.146312 0.1759 2.03508 -1.14338 -0.0336736 -1.75021 2.59313
945 -0.202842 -0.0303145 0.53923 -0.149057 0.280568 2.3385 -1.32121 -0.036441 -1.75891 2.8534
940 -0.405313 -0.0790605 0.421118 -0.078591 0.389205 2.41689 -1.59247 -0.109843 -1.8854 3.39033
944 -0.376018 -0.0808577 0.303256 -0.146417 0.351288 2.45142 -1.68713 -0.18692 -1.93857 3.61467
943 -0.349767 -0.114732 0.388514 -0.0876839 0.374883 2.39724 -1.7031 -0.216451 -1.97613 3.56031
269 -0.259788 0.017564 0.316253 -0.0662551 0.266239 2.15461 -1.60778 -0.20486 -1.94011 3.21908
83 0.0488344 -0.0318822 0.285421 -0.506872 -0.22438 1.83225 -1.55987 0.0634364 -2.48488 2.85441
97 -0.0126905 -0.163496 0.39473 -0.417805 -0.14409 1.57598 -1.27694 -0.346527 -2.27406 2.85258
67 0.206806 -0.119009 0.983744 -0.158162 -0.0139522 1.55107 -0.890551 -0.530221 -2.19599 2.84668
291 0.0753451 -0.242689 0.660184 -0.354661 -0.285404 1.50013 -1.1562 -0.496274 -2.41344 3.0082
299 0.0265912 -0.191139 0.414735 -0.266993 -0.140862 1.2303 -1.06309 -0.444578 -1.94605 2.56004
505 -0.0353639 -0.0569663 0.389469 0.047365 0.0743295 1.68564 -1.44901 -0.29035 -1.61995 3.09696
491 0.0775838 0.0786173 0.518629 -0.0193361 -0.127148 1.37238 -1.26423 -0.0243364 -2.15208 2.09907
764 0.0691638 -0.0707523 0.627444 -0.062864 -0.253199 1.50795 -1.17204 -0.317504 -1.68895 2.77301
194 0.21282 -0.138689 0.59475 -0.128659 -0.274528 1.60102 -1.18829 -0.214898 -1.92186 2.7421
204 0.271354 -0.176921 0.356573 -0.212671 0.00516374 1.67916 -1.3712 -0.184248 -1.94219 2.78787
159 0.124416 0.0949002 0.904139 -0.0597691 -0.238992 1.84978 -1.10445 -0.389121 -2.26889 2.76932
593 -0.0692899 0.0850539 0.50882 -0.13252 -0.0668388 0.870616 -1.06779 0.220114 -1.52522 2.1009
427 -0.149457 -0.0674122 0.684836 -0.119256 -0.0341047 1.43385 -1.31725 0.186565 -2.04918 2.63041
199 0.105264 -0.076244 0.562704 -0.0863232 -0.259681 1.64264 -1.20986 -0.285702 -1.79581 2.80088
139 0.102969 -0.047792 0.786518 -0.0945717 -0.141506 1.79698 -1.09232 -0.228144 -1.99455 2.55244
11 0.013229 0.0727035 0.518858 -0.181313 -0.0635066 1.85624 -1.20935 -0.0887295 -2.22031 2.2712
126 -0.065165 0.135722 0.484086 -0.249291 0.0305062 1.5032 -1.32962 -0.0530393 -2.25197 2.54509
49 -0.16161 0.21077 0.579182 -0.291245 -0.0379524 1.58478 -1.31405 0.10931 -2.16626 2.81892
26 -0.204127 0.0957324 0.615527 -0.17545 -0.00512973 1.46922 -1.40096 0.0328792 -2.1994 2.87215
41 -0.0563256 0.070312 0.440608 -0.347632 -0.0768542 1.51831 -1.3704 -0.00200007 -2.19929 2.75588
529 -0.102712 0.158867 0.374697 -0.310118 0.0299588 1.60135 -1.38926 0.0419178 -2.23141 2.52873
968 -0.129079 -0.000148739 0.425188 -0.197874 -0.125999 1.6659 -1.49359 0.0201721 -2.21495 2.70863
974 2.32075e-05 -0.0248043 0.443002 -0.136879 -0.170046 1.59839 -1.5456 -0.089566 -2.2525 2.79116
31 -0.075162 0.0216617 0.623277 -0.206197 -0.114866 1.53375 -1.3592 0.0268099 -2.27886 2.67511
34 -0.0131007 0.10706 0.365962 -0.321565 -0.0453271 1.62553 -1.39779 0.123929 -2.28723 2.59543
409 0.185012 0.247677 0.361013 -0.350989 -0.0854701 1.82881 -1.35842 -0.125037 -2.51588 2.49088
414 0.141309 0.0274751 0.503547 -0.265933 -0.104404 1.7512 -1.39208 0.029978 -2.54899 2.45655
79 0.0344939 -0.057732 0.301217 -0.41499 -0.224745 1.67667 -1.49867 0.0442012 -2.31962 2.77719
641 -0.186694 0.182716 0.524571 -0.449476 -0.160886 1.90282 -1.26871 0.12172 -2.26773 2.68336
25 0.00871189 -0.042095 0.483875 -0.397666 -0.107539 1.59069 -1.25458 -0.0846628 -2.32914 2.6935
886 -0.0772602 -0.175293 0.727089 -0.0414726 0.327306 2.02207 -1.04159 -0.498079 -2.1096 2.70838
888 -0.0672348 -0.0528967 0.740417 0.0350106 0.299619 1.90655 -1.05393 -0.462695 -2.11351 2.59822
362 -0.19746 -0.147111 0.315507 -0.561602 0.132895 1.9088 -1.17279 -0.604747 -2.46378 2.89582
359 -0.210909 -0.207041 0.364858 -0.380064 -0.071662 1.80951 -1.24494 -0.454571 -2.26982 2.99161
292 -0.209864 -0.264079 0.357518 -0.33311 -0.0241857 1.73849 -1.32898 -0.272995 -2.1911 2.88793
287 -0.178723 -0.285736 0.216043 -0.304316 0.0196349 1.703 -1.42583 -0.232439 -2.23163 2.81624
35 -0.0877767 0.0234151 0.508684 -0.271887 -0.0329245 1.59577 -1.33334 0.192223 -2.15396 2.63564
295 -0.271986 -0.156313 0.574853 -0.189299 -0.15494 1.72949 -1.24233 -0.175331 -2.11728 2.71704
298 -0.193709 -0.362722 0.321373 -0.389204 -0.159512 1.8104 -1.27268 -0.410224 -2.09992 3.16266
294 0.0365995 -0.197444 0.454509 -0.293886 -0.388258 1.68658 -1.26336 -0.26767 -2.04889 2.98242
262 -0.174494 -0.200891 0.507775 -0.163168 -0.221669 1.78086 -1.22007 -0.198106 -1.75426 2.95937
1051 0.223119 0.155878 0.949754 -0.267097 -0.168554 1.82505 -1.55149 -0.216587 -1.94688 4.37643
1049 0.225521 0.204291 1.04069 -0.181515 -0.257946 1.86666 -1.61979 -0.151911 -2.03458 4.36035
1057 0.205001 0.10493 1.04504 -0.218688 -0.174144 1.82312 -1.58222 -0.252322 -2.01762 4.43566
1059 0.215557 0.192185 1.02163 -0.236171 -0.188865 1.80874 -1.66694 -0.147514 -2.0289 4.50138
1055 0.235093 0.128996 0.989457 -0.226889 -0.2514 1.78189 -1.62455 -0.182884 -1.99369 4.42392
1045 0.200927 0.173292 1.07725 -0.207571 -0.233459 1.8552 -1.59874 -0.196782 -2.02642 4.39397
1056 0.22489 0.15621 0.966605 -0.24475 -0.22415 1.80033 -1.57608 -0.162506 -1.97252 4.33506
1047 0.234204 0.127575 1.0259 -0.240067 -0.236911 1.78259 -1.57275 -0.107624 -1.97154 4.27137
1054 0.186472 0.217111 0.929084 -0.270576 -0.174277 1.82621 -1.60089 -0.183887 -1.99115 4.38502
1058 0.189405 0.146189 0.987361 -0.217175 -0.250956 1.83923 -1.58301 -0.216236 -2.03026 4.39797
1046 0.25112 0.128603 0.995772 -0.286978 -0.234159 1.83684 -1.58816 -0.122308 -1.98135 4.43589
1048 0.167079 0.164214 1.03612 -0.255363 -0.243172 1.82084 -1.55006 -0.209737 -2.03274 4.3697
400 0.134362 -0.0498334 0.349115 -0.11897 -0.128087 1.42778 -1.17282 -0.310331 -2.06612 2.33544
122 0.2784 0.0510736 0.808142 -0.134298 -0.133454 1.84234 -1.15736 -0.424817 -2.18584 2.80927
937 0.134727 0.110903 0.715714 -0.0866783 -0.189911 1.88814 -1.21626 -0.364351 -2.35591 2.69966
934 0.26456 0.140552 0.747549 -0.0453428 -0.155339 1.92601 -1.24725 -0.340509 -2.40275 2.7089
1079 0.158379 -0.195952 0.381742 -0.181827 -0.161135 1.51452 -1.29967 -0.330072 -1.78854 2.77676
503 -0.0681558 -0.0841504 0.375448 0.0246993 0.0705012 1.61244 -1.4249 -0.328435 -1.62817 3.02658
502 -0.015024 -0.0227235 0.528385 0.0803369 0.0208982 1.66036 -1.5155 -0.267764 -1.63933 3.0362
866 0.0808662 0.0678931 0.516062 0.207149 0.0895576 1.7057 -1.60596 -0.0466906 -2.15341 2.63796
191 0.388452 -0.302166 0.396098 -0.387053 -0.0659853 1.92514 -1.38049 -0.256443 -2.12197 3.08316
692 0.504909 -0.0761474 0.347633 -0.649473 0.356031 2.65291 -1.80039 -0.272927 -2.75835 4.07008
683 0.488256 -0.096231 0.38628 -0.60109 0.236912 2.55725 -1.70808 -0.230025 -2.59543 3.84411
687 0.512548 -0.263978 0.358246 -0.452474 0.214811 2.33827 -1.59672 -0.297678 -2.46285 3.5151
697 0.446497 -0.166779 0.352004 -0.511494 0.300876 2.46302 -1.63758 -0.262685 -2.45142 3.717
674 0.508269 -0.165282 0.365769 -0.606083 0.345842 2.59479 -1.69766 -0.282117 -2.64442 3.91176
696 0.542765 -0.0659482 0.334451 -0.662535 0.350867 2.61772 -1.73881 -0.262162 -2.76709 3.93234
677 0.550302 -0.0686686 0.333138 -0.621063 0.343817 2.56884 -1.71632 -0.290651 -2.63942 3.91463
684 0.505369 -0.0704899 0.387657 -0.645717 0.287948 2.55361 -1.70015 -0.268236 -2.64662 3.95356
678 0.468934 -0.110782 0.354668 -0.630304 0.313516 2.60324 -1.73203 -0.244303 -2.65276 3.87875
698 0.423475 -0.161569 0.322488 -0.612024 0.31284 2.6012 -1.66644 -0.268291 -2.52971 3.86474
689 0.585101 -0.0829507 0.340908 -0.636775 0.318567 2.6495 -1.76849 -0.247062 -2.73345 4.02182
675 0.524642 -0.164371 0.340206 -0.568332 0.297212 2.47777 -1.75347 -0.274405 -2.60497 3.89799
701 0.547201 -0.141039 0.382545 -0.677233 0.348297 2.64247 -1.76262 -0.269889 -2.75092 3.99974
679 0.458302 -0.0876614 0.359516 -0.611665 0.231184 2.5308 -1.67672 -0.276562 -2.5182 3.78357
691 0.51451 -0.0967669 0.402113 -0.595913 0.311794 2.48696 -1.64057 -0.275463 -2.58559 3.78321
695 0.5599 -0.0783335 0.379318 -0.631348 0.302989 2.56054 -1.65462 -0.294711 -2.68018 3.85756
694 0.498419 -0.10005 0.351414 -0.598071 0.334606 2.47814 -1.64207 -0.313459 -2.47458 3.82237
685 0.523997 -0.0319597 0.374525 -0.601997 0.375391 2.6036 -1.7287 -0.327827 -2.61501 3.99498
700 0.516508 -0.137269 0.420379 -0.605397 0.31278 2.46205 -1.66087 -0.387598 -2.59018 3.90101
681 0.459643 -0.225667 0.356624 -0.58006 0.271097 2.49412 -1.69601 -0.303615 -2.59074 3.86603
699 0.449954 -0.156076 0.387622 -0.595109 0.3445 2.60185 -1.68251 -0.341535 -2.55452 3.84776
676 0.524569 -0.0489624 0.334724 -0.658503 0.271708 2.5758 -1.7601 -0.268665 -2.71497 4.00473
690 0.515137 -0.198412 0.38784 -0.642881 0.295749 2.63451 -1.76245 -0.254862 -2.61949 4.0211
175 0.158778 -0.161569 0.393186 -0.284762 -0.11258 1.84576 -1.19956 -0.267579 -1.89341 2.85436
234 0.240339 0.160777 0.501029 -0.329689 -0.0828245 1.71012 -1.28672 -0.426737 -1.80296 3.3325
193 0.151396 -0.00838073 0.741513 -0.134314 -0.221328 1.51735 -1.2182 -0.195243 -1.61492 3.14099
222 0.171443 -0.179124 0.557999 -0.209541 -0.241622 1.6701 -1.31081 -0.283566 -1.90835 2.7993
1044 0.18857 0.157509 0.973865 -0.272664 -0.263374 1.84595 -1.56357 -0.187794 -2.01015 4.45228
1050 0.214084 0.185076 1.00527 -0.296024 -0.171219 1.82618 -1.63767 -0.118146 -2.00167 4.45092
1033 0.193743 0.639075 0.459998 -0.45726 0.164291 2.28853 -1.34901 -0.44554 -2.35838 3.47512
16 -0.030333 -0.281863 0.367978 -0.300876 0.029329 1.57621 -1.39186 -0.361576 -2.31977 2.88295
95 -0.12155 -0.10721 0.464293 -0.292307 -0.157498 1.65377 -1.2186 -0.273217 -2.22436 2.70733
85 -0.00186034 -0.0742344 0.224496 -0.406975 -0.139961 1.57503 -1.45969 -0.021076 -2.26861 2.67183
99 -0.0341309 0.0272563 0.209584 -0.455943 -0.231637 1.67052 -1.51311 0.129119 -2.1838 2.7615
17 -0.13407 -0.225564 0.406479 -0.353022 -0.162961 1.77834 -1.34637 -0.188493 -2.25048 2.91912
183 -0.361009 -0.287332 0.311868 -0.397724 0.0900605 1.79033 -1.19137 -0.504198 -2.13075 3.0927
171 -0.0428257 -0.101019 0.553884 -0.196484 0.0809249 1.67136 -1.38856 0.239403 -2.25676 2.45008
544 0.0811625 -0.107954 0.55868 -0.341124 0.0802816 2.20388 -1.53206 0.319217 -2.72856 2.70808
540 0.108799 -0.0361376 0.506278 -0.300618 0.0814972 2.1688 -1.54836 0.325615 -2.64911 2.70096
542 0.107505 -0.0925214 0.460465 -0.389017 0.124313 2.26895 -1.52619 0.308324 -2.70437 2.64512
539 0.0526008 -0.0659724 0.495168 -0.440438 0.080591 2.30228 -1.4662 0.376006 -2.67743 2.63936
545 0.0296102 -0.059896 0.462623 -0.362875 0.123197 2.22568 -1.53282 0.365475 -2.61501 2.65232
477 0.143812 -0.146934 0.899515 -0.0368327 -0.128234 1.87865 -1.05729 -0.32761 -2.1908 2.69441
142 0.233662 -0.0797529 0.941511 -0.00721456 -0.0604536 1.80994 -1.02449 -0.47289 -2.28657 2.75073
489 0.275818 -0.278982 1.15853 -0.0753992 0.00337335 1.69875 -1.0444 -0.491204 -2.43377 2.98381
490 0.331273 -0.357028 1.33664 -0.109494 0.153711 1.7798 -1.08782 -0.486063 -2.57534 3.35186
476 0.335815 -0.335926 1.32295 -0.184887 0.169611 1.86357 -1.07625 -0.584983 -2.75786 3.5786
483 0.397294 -0.297486 1.39974 -0.182337 0.1691 1.79195 -1.0188 -0.553718 -2.68642 3.57684
474 0.400962 -0.302076 1.41772 -0.228036 0.158945 1.89566 -1.10951 -0.631418 -2.81225 3.7506
486 0.364747 -0.333337 1.4381 -0.201104 0.149333 1.94391 -1.11883 -0.583082 -2.77048 3.77056
484 0.377782 -0.361993 1.36573 -0.21876 0.226173 1.8935 -1.02522 -0.591235 -2.77102 3.65377
481 0.326437 -0.439954 1.31994 -0.210757 0.120787 1.78861 -1.09132 -0.522587 -2.629 3.56928
471 0.337568 -0.336904 1.40904 -0.189413 0.131886 1.88091 -1.11429 -0.636445 -2.73533 3.76574
485 0.249846 -0.349314 1.31305 -0.0889603 0.0576145 1.70615 -1.03713 -0.542476 -2.56065 3.34888
488 0.326827 -0.333304 1.44772 -0.153793 0.125878 1.87051 -1.10654 -0.624139 -2.7971 3.72981
473 0.337002 -0.314345 1.39302 -0.205658 0.207927 1.7845 -1.04733 -0.653679 -2.68151 3.7467
475 0.165325 -0.0678961 0.925038 0.050746 -0.0989116 1.78884 -1.12025 -0.479743 -2.18984 2.73526
783 0.0273507 -0.0105864 0.471097 -0.0410164 0.0946837 1.55558 -1.33221 -0.335468 -2.28484 2.80713
775 -0.00123643 -0.0223304 0.501586 -0.0593723 0.0961824 1.68343 -1.41347 -0.254928 -2.33478 2.81434
787 -0.0180346 -0.0692848 0.420229 -0.165441 0.0150102 1.71241 -1.53351 -0.251834 -2.44847 2.92254
777 0.0178294 -0.0162278 0.378518 -0.17423 -0.0429419 1.6906 -1.5458 -0.193941 -2.32646 2.81656
254 -0.243297 0.103945 0.431264 -0.0810394 0.165024 1.64815 -1.01549 -0.594853 -1.99023 2.50106
250 -0.130558 0.0774274 0.391865 -0.118788 0.215842 1.67884 -1.14559 -0.686347 -2.21564 2.58366
253 -0.130644 0.104167 0.446942 -0.172712 -0.00220861 1.85892 -1.17905 -0.507843 -2.18705 2.76323
586 -0.117765 -0.0198717 0.333238 -0.129675 0.262263 2.47279 -1.74436 -0.0304682 -2.53592 2.81754
170 -0.0138718 0.014052 0.438914 -0.183896 0.163809 2.08936 -1.5183 0.222148 -2.52988 2.58097
1105 -0.00266643 0.127412 0.542761 -0.148278 0.221795 1.93743 -1.30345 0.179862 -2.47079 2.14568
38 -0.190915 0.272326 0.828653 -0.14429 0.106331 1.29916 -1.27817 0.0175836 -2.00811 2.95749
42 -0.258255 0.108347 0.812685 -0.0539593 0.10457 1.40801 -1.41788 0.0361038 -2.20317 2.95629
29 -0.354575 0.180264 0.734098 -0.0782913 0.155869 1.563 -1.37505 -0.0852911 -2.15018 2.96878
54 -0.375116 0.222424 0.95351 0.0142712 0.214308 1.55646 -1.38427 -0.00504026 -2.1288 3.09642
47 -0.327533 0.0769967 0.84012 -0.16973 0.190633 1.72593 -1.4158 0.297276 -2.16823 3.04961
32 -0.103201 -0.0483489 0.56467 -0.148709 0.01216 1.26776 -1.375 0.0329813 -2.03369 2.64929
36 -0.330376 0.240079 0.881614 -0.0224185 0.113851 1.52309 -1.49874 0.0578845 -2.22708 3.06062
105 -0.153513 -0.115152 0.503728 -0.310287 -0.273624 1.87789 -1.14084 -0.131934 -2.01515 2.83728
771 0.180033 0.110718 0.482417 -0.198206 -0.0871079 1.6472 -1.39099 -0.078062 -2.53297 2.46461
52 -0.104803 0.0411421 0.680755 -0.0866659 -0.0782439 1.17634 -1.30873 -0.140827 -2.11786 2.70986
722 -0.209154 0.276642 0.46267 -0.373744 -0.134011 1.65514 -1.31045 0.126918 -2.06329 2.83623
543 -0.0693043 0.0331549 0.522004 -0.381295 0.0417382 2.12738 -1.30596 0.0659185 -2.45225 2.48924
27 -0.119537 0.0880717 0.679787 -0.180398 -0.0493199 1.46073 -1.32376 0.05254 -2.05054 2.83398
37 -0.238476 0.111425 0.81037 -0.170678 0.0567987 1.66698 -1.16478 0.246236 -1.98442 2.65945
33 -0.276425 0.0765548 0.655335 -0.210523 0.135551 1.79364 -1.1661 0.235412 -1.8896 2.42814
643 -0.212557 0.336893 0.507263 -0.467027 -0.149854 1.97709 -1.26871 0.245623 -2.18835 2.64365
640 -0.243739 0.172789 0.520991 -0.443336 -0.0823288 1.96263 -1.21578 0.223934 -2.1587 2.55811
1078 0.192788 -0.208784 0.411932 -0.172354 -0.202802 1.46038 -1.3318 -0.276521 -1.73888 2.86998
557 -0.0724416 -0.246982 0.509497 -0.288038 -0.0893746 1.50427 -1.14132 -0.330977 -2.22688 2.65697
101 -0.0259416 -0.0915223 0.522736 -0.327081 -0.246111 1.50597 -1.25654 -0.374478 -2.33 2.89335
515 -0.133296 -0.143403 0.351848 -0.348627 -0.223139 1.71821 -1.19821 -0.248726 -1.97665 2.88609
548 -0.00912952 -0.326591 0.41928 -0.221054 -0.254189 1.73855 -1.289 -0.225675 -1.87547 3.00393
547 0.0559844 -0.358003 0.349093 -0.268307 -0.256213 1.53221 -1.30204 -0.353098 -1.89756 2.92438
179 0.0273064 -0.0871244 0.534186 -0.119272 -0.246621 1.59271 -1.21226 -0.270232 -1.81205 2.77836
507 0.189429 -0.0309432 0.630703 -0.0710045 -0.242182 1.56704 -1.10814 -0.324211 -1.78975 2.69226
114 -0.0212575 0.00869297 0.853162 -0.189292 0.44251 2.45 -1.0174 -0.346764 -2.44195 2.9925
1089 0.184379 0.284214 0.717903 -0.0183111 -0.163553 1.9372 -1.31296 -0.332598 -2.5179 2.79974
1088 0.311696 0.255636 0.661889 -0.051135 -0.159213 1.94377 -1.38473 -0.384014 -2.50956 2.84123
1086 0.34725 0.222406 0.64057 -0.0702366 -0.0974104 1.8763 -1.25405 -0.441311 -2.51176 2.72909
1090 0.163016 0.190868 0.673235 -0.0167508 -0.143976 1.89842 -1.31009 -0.394054 -2.47531 2.74987
1085 0.299049 0.288599 0.722413 -0.0703383 -0.245375 1.8403 -1.27464 -0.347241 -2.46971 2.78377
1113 -0.17525 0.0559063 0.725774 -0.21938 -0.119766 1.7974 -0.908883 -0.417902 -1.73018 2.69227
977 0.209687 0.253685 0.911748 -0.129614 -0.133804 1.82142 -0.977615 -0.419846 -2.2466 2.66485
478 0.181207 -0.0049724 0.817359 -0.0468859 -0.161076 1.79362 -1.07144 -0.409465 -2.21677 2.6073
480 0.217379 -0.127676 0.948006 -0.0596501 -0.158251 1.68898 -1.07409 -0.402115 -2.23172 2.7886
100 -0.11876 -0.11915 0.418498 -0.274033 -0.202569 1.63539 -1.19561 -0.261302 -1.97095 2.7857
878 -0.0556976 -0.262469 0.442871 -0.0784278 0.620897 1.96827 -1.60731 -0.244371 -2.71825 2.90789
665 -0.00795947 -0.277827 0.504605 -0.0928994 0.444915 2.00557 -1.58295 -0.219548 -2.76371 2.86597
273 -0.0484314 -0.131592 0.500933 -0.0429144 0.525599 2.11319 -1.75144 -0.130136 -2.89655 3.05912
3 -0.0373637 0.00913027 0.476418 -0.0798842 0.108786 1.65727 -1.41715 0.107254 -2.31106 2.30589
363 -0.19257 0.0617076 0.362069 -0.274918 0.0749974 1.5604 -1.24085 -0.466776 -2.16173 2.74043
331 0.00360588 -0.0731116 0.401492 -0.154694 0.41761 2.04466 -1.5436 -0.175465 -2.71169 2.63176
876 0.019945 -0.183907 0.526692 -0.089185 0.498086 1.9401 -1.58793 -0.223262 -2.80462 2.84799
877 0.0534296 -0.251529 0.373173 -0.105682 0.584258 1.96385 -1.59636 -0.255073 -2.71071 2.87362
879 -0.0316718 -0.21115 0.369745 -0.0781748 0.571403 2.03253 -1.64227 -0.234334 -2.75219 2.92552
875 0.00403707 -0.22803 0.417411 -0.0574365 0.591244 2.08243 -1.60972 -0.307278 -2.67241 2.845
527 0.172513 0.0368536 0.453811 -0.0468133 0.106589 1.35897 -1.25244 -0.517455 -2.21012 2.58678
523 0.0666485 -0.0519784 0.486833 -0.0955211 0.0559467 1.33389 -1.15964 -0.471979 -2.14766 2.60293
530 0.156671 -0.0525546 0.451839 -0.0107655 0.120298 1.28735 -1.21707 -0.49532 -2.14385 2.55371
1073 0.132019 -0.174686 0.344491 -0.210762 -0.0756563 1.37531 -1.27338 -0.216465 -2.22983 2.39192
1132 0.137585 0.0579496 0.448367 -0.204527 -0.269507 1.50457 -1.36629 -0.051275 -2.27485 2.55248
267 0.0948059 0.114009 0.409034 -0.429575 -0.274582 1.64048 -1.31926 -0.102598 -2.35291 2.73515
44 -0.0801745 -0.0178761 0.317467 -0.456155 0.06572 1.86661 -1.2609 -0.360835 -2.5515 2.78656
357 -0.171666 -0.0850445 0.285515 -0.540901 0.107022 1.79915 -1.15969 -0.548424 -2.43381 2.85696
525 -0.0839925 0.0868322 0.517782 -0.312843 0.0291714 1.50987 -1.23013 0.0513574 -2.17439 2.44539
404 0.258359 0.207233 0.38313 -0.44153 -0.272737 1.78819 -1.46778 0.151525 -2.5499 2.61481
518 -0.0551543 0.272293 0.435643 -0.345596 0.0390427 1.64691 -1.37592 0.0796278 -2.31093 2.62739
517 -0.10599 0.280763 0.344187 -0.282534 -0.0272131 1.59533 -1.48209 -0.0183361 -2.23657 2.68959
1148 0.0495216 0.0839979 0.509322 -0.162985 -0.178882 1.37068 -1.3459 -0.112783 -2.28864 2.46436
1149 -0.111241 0.00655998 0.557235 -0.0658846 -0.0932834 1.26777 -1.31683 -0.128025 -2.08386 2.5871
86 -0.0865969 0.111821 0.422721 -0.378987 0.00929558 1.77219 -1.23339 -0.0556994 -2.2125 2.51492
428 -0.0844127 0.0130634 0.430242 -0.246091 -0.0384048 1.23402 -1.28707 -0.103371 -1.96536 2.66906
851 -0.107905 0.0852005 0.766962 -0.153791 -0.0860239 1.26274 -1.22117 0.0265643 -1.94925 2.76962
63 -0.0720723 0.0764032 0.553482 -0.0672708 -0.00968757 1.14403 -1.39032 0.037846 -2.0037 2.66234
24 -0.291307 0.161564 0.862366 -0.0507131 0.104074 1.58318 -1.37024 0.167687 -2.12941 2.88321
823 0.620043 0.429415 1.23553 -0.165354 -0.57005 2.22889 -1.89311 0.291726 -3.20547 3.69038
202 0.289155 -0.262418 0.61689 -0.15331 -0.342349 1.67198 -1.38594 0.053646 -1.86934 2.94006
219 0.308934 -0.545793 0.967439 -0.225936 -0.208573 2.13764 -1.78202 0.467658 -2.37258 3.71238
214 0.306997 -0.577921 1.05327 -0.275121 -0.181798 2.47109 -1.99086 0.627783 -2.67791 4.07079
220 0.330414 -0.605655 1.06679 -0.296196 -0.129132 2.51226 -1.96268 0.554102 -2.74883 4.10259
197 0.250783 -0.545845 1.02469 -0.25591 -0.242151 2.44752 -1.94325 0.558542 -2.67546 4.04253
207 0.356659 -0.564664 1.04167 -0.306445 -0.232521 2.5003 -1.97685 0.585016 -2.76307 4.05309
221 0.294257 -0.603908 1.00752 -0.263527 -0.121708 2.4481 -1.94346 0.537087 -2.67189 4.01282
192 0.179765 -0.429014 0.838715 -0.197081 -0.270604 1.81872 -1.682 0.487912 -2.3923 3.22981
215 0.246492 -0.628937 1.00128 -0.313127 -0.154647 2.47973 -1.94635 0.49929 -2.68036 4.0123
198 0.141993 -0.548685 0.73282 -0.219847 -0.215112 2.08105 -1.67967 0.292703 -2.08992 3.57209
781 -0.11552 -0.489167 0.576963 -0.227415 -0.312467 2.01387 -1.51146 -0.0639733 -1.90032 3.44337
780 -0.1409 -0.196816 0.490944 -0.235523 -0.309564 1.98572 -1.3824 -0.0269486 -1.68809 3.28318
604 0.133629 -0.114937 0.491758 -0.14926 -0.27014 1.65306 -1.15966 -0.308391 -1.90639 2.72833
98 0.0611907 0.0205016 0.291632 -0.446231 -0.207277 1.69929 -1.3791 -0.0236403 -2.26748 2.68467
585 -0.0773205 0.0987349 0.252778 -0.142659 0.112851 2.02845 -1.52921 0.192369 -2.24973 2.33237
514 -0.296702 -0.256746 0.311517 -0.487006 -0.0366874 1.86043 -1.12308 -0.573499 -2.14863 3.11282
516 -0.346962 -0.263014 0.29432 -0.426246 0.0567068 1.65839 -1.16902 -0.473859 -2.08224 3.07454
271 -0.200063 -0.0779157 0.465931 -0.368166 -0.116052 1.45925 -1.16548 -0.381403 -2.09603 3.04716
143 0.0467455 -0.0775768 0.783203 -0.0506917 -0.233821 1.61413 -1.09845 -0.39924 -2.02613 2.73361
927 -0.0991258 0.0112664 0.726859 -0.241634 -0.00404272 1.86513 -0.790745 -0.278173 -1.77599 2.44781
566 0.229488 0.245384 0.681831 -0.311544 0.0338651 1.85217 -0.967363 -0.388857 -2.38906 2.40228
91 -0.0465025 0.108138 0.401766 -0.446517 0.101922 1.88101 -1.17883 -0.331484 -2.45348 2.58575
569 0.132126 0.275662 0.551656 -0.440563 -0.047295 1.88067 -1.0155 -0.408416 -2.46398 2.50607
570 0.0677655 0.251879 0.465635 -0.435184 -0.028571 1.86194 -1.00429 -0.429642 -2.39488 2.52012
82 -0.0139326 0.0852883 0.403629 -0.432091 0.0871382 1.7719 -1.15162 -0.127347 -2.44802 2.44914
94 -0.0544479 -0.0468035 0.377817 -0.41373 -0.075143 1.81786 -1.34585 -0.186823 -2.46064 2.70303
1077 -0.0513517 -0.123552 0.339678 -0.36536 -0.110587 1.41949 -1.25386 -0.355675 -2.32373 2.69522
89 -0.0699665 0.0464532 0.342399 -0.365525 -0.0831486 1.60168 -1.17933 -0.114538 -2.14355 2.46285
88 -0.0462196 0.10667 0.424836 -0.485594 -0.0236472 1.65132 -1.12734 -0.0632159 -2.21244 2.35082
672 -0.12738 0.163235 0.297689 -0.441336 -0.125636 1.41631 -1.24832 0.0660449 -1.76958 2.74724
311 0.0466242 0.0698247 0.161012 -0.474757 -0.115262 1.65586 -1.42621 -0.0118509 -2.26924 2.69523
314 -0.004426 -0.0373769 0.176827 -0.542078 -0.17101 1.75919 -1.45622 -0.122331 -2.42131 2.88889
312 0.0690378 -0.0298025 0.19674 -0.44822 -0.143256 1.6668 -1.42326 -0.0911511 -2.35996 2.70687
521 -0.0908026 0.321513 0.498805 -0.287107 -0.0736251 1.70927 -1.42855 0.126654 -2.27915 2.6483
124 -0.146672 0.219517 0.58628 -0.316753 -0.198628 1.569 -1.34324 0.162752 -2.10801 2.89921
69 0.270931 -0.498302 1.02809 -0.255375 -0.244077 2.38181 -1.74995 0.470349 -2.55024 3.71082
206 0.26854 -0.607906 1.01531 -0.270052 -0.166304 2.40632 -1.96664 0.572632 -2.69482 4.07836
213 0.296013 -0.58242 1.04228 -0.309858 -0.163504 2.42586 -1.98058 0.582741 -2.68056 4.03985
209 0.359189 -0.515525 0.94627 -0.266671 -0.213171 2.27541 -1.83994 0.508736 -2.52637 3.8006
216 0.274401 -0.586109 1.0717 -0.31098 -0.13271 2.40662 -2.0201 0.614865 -2.70532 4.08943
217 0.339004 -0.599922 0.990906 -0.315729 -0.16165 2.48945 -2.00092 0.565139 -2.74198 4.10479
208 0.247974 -0.625839 1.0584 -0.298273 -0.0954773 2.39548 -1.89039 0.544108 -2.63667 3.99139
482 0.283785 -0.289488 1.23788 -0.111514 0.162229 1.75605 -1.00184 -0.566248 -2.54997 3.33875
1087 0.250864 0.166073 0.648339 0.000332902 -0.141347 1.95749 -1.35272 -0.365654 -2.48583 2.79071
151 0.0845733 0.0327345 0.917725 0.00703526 -0.126537 1.92861 -1.0782 -0.417786 -2.3056 2.76178
150 0.110429 -0.02765 0.89514 -0.0371063 -0.134102 1.95164 -1.14608 -0.397397 -2.33181 2.71702
900 0.424375 -0.204916 0.65729 -0.019772 0.326906 1.40091 -1.82551 -0.564189 -2.92205 3.68968
912 0.465327 -0.13085 0.701573 0.0210218 0.351996 1.48559 -2.04987 -0.61624 -3.11792 3.99551
902 0.357484 -0.135984 0.598777 0.003861 0.424543 1.40513 -1.70895 -0.684623 -2.82202 3.53982
896 0.177387 -0.205549 0.570575 0.0406072 0.12572 1.26198 -1.48611 -0.577033 -2.36963 3.08268
906 0.268765 -0.116862 0.513539 0.0127355 0.201447 1.26708 -1.61356 -0.667751 -2.56666 3.32953
19 0.0149479 -0.175379 0.579576 -0.154747 -0.255833 1.7438 -1.18846 -0.135821 -1.8057 2.74165
8 -0.429302 0.010218 0.746107 -0.102548 0.320782 1.93336 -0.994845 -0.277809 -1.7987 2.6071
283 -0.425024 0.134096 0.860781 -0.0522807 0.312743 1.7524 -0.886804 -0.330188 -1.86711 2.53637
844 -0.376746 0.191366 0.915616 0.0414508 0.291749 1.71988 -0.949393 -0.257078 -1.81984 2.67866
56 -0.40754 0.214192 0.912447 0.0927002 0.236134 1.68312 -1.2238 -0.245998 -2.08146 2.8151
460 0.185977 0.216303 0.734694 0.0892331 0.0873745 1.89674 -1.2626 -0.590945 -2.52417 2.6205
130 -0.182822 0.175288 0.546014 -0.304809 -0.138118 1.49146 -1.31968 -0.120912 -2.14402 2.97186
734 -0.0566843 0.218047 0.658494 -0.342772 -0.22054 1.43673 -1.42375 0.0808272 -2.15551 3.11419
724 -0.129904 0.201573 0.702383 -0.429205 -0.199772 1.44535 -1.30132 -0.00705721 -2.22818 3.06725
92 0.0977246 -0.0212068 0.586029 -0.0704791 -0.426998 1.58944 -1.34456 -0.366871 -1.96735 3.00422
765 0.21362 -0.00108612 0.627139 -0.183917 -0.558889 1.64715 -1.28615 -0.303443 -2.05913 2.96185
1110 0.165405 0.282943 0.812237 0.10319 0.109254 1.81698 -1.21094 -0.498405 -2.45772 2.61441
9 -0.150936 0.0350724 0.627048 -0.131932 0.136811 1.84816 -1.37892 0.15155 -2.38657 2.44211
773 0.165153 0.0643432 0.462394 -0.245727 -0.0842487 1.37341 -1.22224 -0.211042 -2.34752 2.3764
2 -0.0239846 -0.0104734 0.584064 -0.164491 -0.0546847 1.57193 -1.25114 -0.029329 -2.3406 2.33319
138 -0.257888 -0.215891 0.588048 -0.153136 -0.00778971 2.02356 -1.27691 -0.174047 -2.23482 2.69689
1019 -0.337468 -0.343494 0.601146 -0.250136 -0.0782127 1.9919 -1.20396 -0.217885 -2.19652 2.7378
512 -0.380531 -0.272151 0.46805 -0.445018 -0.0736389 1.96245 -1.1605 -0.431165 -2.22124 3.06365
999 0.0131597 -0.109836 0.713796 -0.155928 0.0855287 1.60833 -0.89435 -0.651324 -2.13849 2.83541
125 -0.160864 0.255233 0.626188 -0.447212 -0.072667 2.07703 -1.19733 0.0859199 -2.34373 2.70789
297 -0.135061 -0.211153 0.297543 -0.307018 -0.075469 1.74368 -1.39341 -0.194223 -2.24683 2.78063
288 -0.168739 -0.265061 0.268625 -0.342166 -0.0454007 1.73636 -1.42429 -0.336759 -2.25782 2.96441
955 -0.173938 0.113621 0.52737 -0.396732 -0.0565948 1.94015 -1.22169 0.262818 -2.1372 2.48748
181 -0.215888 -0.122292 0.276077 -0.406976 0.11636 1.81254 -1.19891 -0.550529 -2.28595 2.86599
360 -0.163188 -0.183282 0.347539 -0.416059 -0.00309911 1.64957 -1.25252 -0.370019 -2.29347 2.89754
358 -0.178922 -0.200929 0.319311 -0.477114 0.146621 1.72174 -1.14224 -0.564369 -2.41819 2.83764
361 -0.136364 -0.19854 0.311563 -0.519143 0.125431 1.77444 -1.138 -0.592512 -2.40734 2.84651
430 -0.111006 0.132674 0.567018 -0.184271 -0.00604299 1.59721 -1.41965 0.0931848 -2.24775 2.72549
87 0.0227214 0.0535246 0.405293 -0.304726 -0.0479016 1.65051 -1.32028 -0.0566412 -2.35969 2.53323
988 -0.060221 0.195831 0.472278 -0.4014 -0.00554189 1.6778 -1.21651 -0.0201842 -2.30445 2.37067
965 -0.104405 -0.133836 0.483473 -0.318288 -0.0422201 1.70107 -1.24192 -0.0902447 -2.2678 2.60874
1081 0.0161075 -0.0287281 0.421789 -0.249767 0.000170539 1.32394 -1.00338 -0.119341 -1.87866 2.16275
342 -0.28206 -0.143605 0.912456 -0.19219 0.180556 1.73962 -1.41098 0.184567 -2.20537 3.23871
1016 -0.197959 -0.258855 0.149905 -0.235456 -0.102996 1.30821 -0.960031 -0.201384 -1.47595 2.17833
565 -0.0599846 -0.0943747 0.452403 -0.0451262 0.173295 1.50953 -1.23905 -0.298512 -2.22912 2.21756
589 0.15761 0.196302 0.241564 -0.422236 -0.0839503 2.02315 -1.54182 0.129813 -2.55586 2.66059
338 -0.01243 0.0143773 0.470961 -0.106813 0.158317 1.42178 -1.16423 -0.063957 -2.0892 2.08381
918 0.528861 -0.110822 0.705156 -0.0239745 0.389255 1.52934 -2.07472 -0.630457 -3.24676 4.18765
212 0.134468 -0.0491404 0.493202 -0.219951 -0.296535 1.63416 -1.2221 -0.362058 -1.87476 2.83755
96 -0.0930955 -0.102408 0.344938 -0.362402 -0.0666833 1.63282 -1.28249 -0.191187 -2.26389 2.60458
307 0.00256923 -0.012418 0.624784 -0.23068 0.0705021 1.98102 -1.49184 0.201104 -2.67945 2.45143
564 0.126214 0.0970411 0.492297 -0.185849 0.300512 1.76345 -1.22759 0.00171984 -2.5881 2.10069
61 -0.198338 -0.0917846 0.772286 -0.151443 0.180278 2.06724 -1.07581 -0.00556574 -1.99152 2.69813
39 -0.17735 -0.291693 0.583 -0.087631 0.379848 1.93768 -1.21726 -0.190173 -2.05108 2.51663
50 -0.140394 -0.254625 0.512608 -0.111323 0.465903 2.08549 -1.37027 -0.179267 -2.27821 2.57739
189 0.320405 -0.523514 1.06486 -0.274545 -0.144263 2.46696 -2.0357 0.618679 -2.71896 4.12152
210 0.269306 -0.64078 0.986231 -0.27423 -0.0323866 2.41226 -1.89961 0.554999 -2.62158 4.03488
205 0.228202 -0.361819 0.592537 -0.22567 -0.34397 1.69146 -1.38678 0.164796 -1.9424 2.85731
673 -0.0164992 0.0487441 0.273531 -0.321869 -0.0629387 1.40277 -1.17822 -0.145901 -2.06632 2.3759
315 0.0156583 -0.0346942 0.186938 -0.505651 -0.153555 1.70338 -1.43874 -0.117659 -2.32942 2.80103
1147 -0.127732 0.300586 0.707573 -0.196668 -0.106283 1.55966 -1.2882 0.181422 -2.12715 2.47321
736 -0.0711678 0.257055 0.639239 -0.387804 -0.20173 1.45303 -1.38735 -0.0425071 -2.28917 3.17355
43 0.00937352 0.128612 0.479722 -0.263322 -0.129298 1.46265 -1.29465 -0.164041 -2.25279 2.58457
882 0.0259172 0.219065 0.438755 -0.534254 0.148362 2.16042 -1.06638 -0.203667 -1.82105 2.91918
881 0.0559862 0.0959833 0.491468 -0.478424 0.192964 2.21038 -0.97889 -0.104804 -1.67477 2.85746
880 -0.0608544 0.0353725 0.4119 -0.504353 0.217081 2.18878 -0.989124 -0.0841964 -1.76754 2.82921
1030 0.212923 0.617357 0.418862 -0.475603 0.153317 2.43215 -1.47204 -0.407981 -2.3634 3.57192
1031 0.189825 0.610662 0.415709 -0.435653 0.241095 2.3765 -1.43275 -0.48444 -2.30204 3.52334
607 0.110437 0.49407 0.371434 -0.520493 0.221614 2.35953 -1.32243 -0.559974 -2.28222 3.48142
169 0.124848 0.129936 0.84328 -0.14992 0.108044 1.76396 -0.784756 0.0595132 -1.86239 2.29237
447 0.0279767 0.0191103 0.498585 -0.0583774 0.162956 1.71327 -1.04966 -0.484723 -2.15081 2.33998
972 -0.121495 0.0487482 0.707612 0.0329049 0.152142 1.57824 -0.957492 -0.488891 -1.94485 2.49623
20 -0.0663149 -0.295169 0.30039 -0.325533 -0.208858 1.76344 -1.28512 -0.166307 -2.00464 2.73363
785 -0.190799 -0.330938 0.469603 -0.177278 -0.215575 1.81 -1.26314 -0.106534 -1.60533 3.03242
779 -0.113028 -0.370754 0.517497 -0.215586 -0.245205 2.02765 -1.41425 -0.0776765 -1.78905 3.31219
962 -0.234521 -0.227176 0.462706 -0.313787 -0.168294 1.99865 -1.23902 -0.241359 -2.21024 2.74875
533 -0.194826 -0.246635 0.646616 -0.0861424 0.316357 2.01269 -1.59838 -0.0570645 -2.68814 2.78864
769 -0.0450161 -0.049805 0.608434 -0.206866 0.231894 1.77628 -1.56272 0.087281 -2.46395 2.87055
768 -0.0997006 -0.0199148 0.63667 -0.150282 0.163077 1.76777 -1.536 0.0696144 -2.43395 2.90022
767 -0.0878164 -0.0338808 0.683951 -0.0429607 0.070875 1.4784 -1.46648 -0.0689751 -2.30504 2.79877
770 -0.0652031 -0.0544809 0.650388 -0.117468 0.252684 1.8644 -1.49019 -0.000383832 -2.41319 2.81873
1070 0.0573819 -0.310613 0.492925 -0.108147 -0.0822844 1.33489 -1.16725 -0.317344 -1.97179 2.5914
1074 -0.0443301 -0.29041 0.508733 -0.188482 -0.0165628 1.41056 -1.12001 -0.263284 -1.98196 2.57094
90 0.124334 0.169141 0.429497 -0.217063 0.0426913 1.4275 -1.30896 -0.1183 -2.34293 2.29641
735 -0.171536 0.186805 0.4849 -0.369671 -0.215528 1.62105 -1.34522 0.0950503 -2.15955 2.85957
407 0.246742 0.16662 0.53279 -0.349171 -0.190316 1.7054 -1.44763 0.116096 -2.56387 2.46412
733 0.037455 0.302251 0.4865 -0.271407 -0.0514729 1.389 -1.5106 -0.0494974 -2.33602 2.79742
584 0.0316976 0.129494 0.513567 -0.255042 -0.128135 1.36872 -1.44846 -0.0394594 -2.34607 2.77521
1117 0.263456 0.123687 0.515156 -0.201541 -0.127006 1.69186 -1.351 -0.105736 -2.60827 2.41426
1004 0.170171 0.181645 0.685487 -0.060354 -0.135243 1.779 -1.0804 -0.419706 -2.13716 2.61164
190 0.14276 1.3702e-05 0.510156 -0.200256 -0.328612 1.63452 -1.25355 -0.222375 -1.82895 2.86317
594 -0.278309 -0.103514 0.869966 -0.211863 0.188406 1.5818 -1.39419 0.209404 -2.05514 3.13736
887 -0.150048 0.0178183 0.675289 -0.0225775 0.358694 1.98486 -1.02922 -0.5599 -2.07028 2.63726
286 -0.0352333 0.0601694 0.340008 -0.372548 -0.290725 1.75984 -1.24707 -0.156701 -2.28421 2.78806
415 0.256529 0.130344 0.429082 -0.397104 -0.309784 1.69149 -1.55134 0.149309 -2.50882 2.68946
195 0.337723 -0.610867 1.03862 -0.284186 -0.190587 2.50241 -2.00508 0.576939 -2.74948 4.11378
203 0.231053 -0.619426 1.07281 -0.24772 -0.140021 2.41048 -1.96604 0.534533 -2.64515 4.08364
416 0.0574019 -0.111114 0.640928 -0.191002 0.154412 1.43579 -1.18102 0.0584117 -2.26435 2.29081
671 -0.0643741 -0.202534 0.431853 -0.354833 -0.125182 1.57364 -1.27336 -0.362323 -2.35561 2.88278
290 0.100011 -0.22935 0.499289 -0.41238 -0.301443 1.66965 -1.29942 -0.442465 -2.45503 3.06229
552 0.147252 -0.257825 0.485208 -0.426507 -0.197913 1.42663 -1.29653 -0.304852 -2.42645 2.906
560 0.0400314 0.184938 0.458777 -0.0256412 0.169557 1.43984 -1.05192 -0.616804 -1.91665 2.4714
885 0.0092544 -0.0647799 0.690195 0.0131559 0.307073 1.91373 -1.07547 -0.498506 -2.08052 2.60972
282 -0.294182 0.0353506 0.589577 -0.262713 0.392635 1.93828 -0.912448 -0.440102 -2.15491 2.50636
248 -0.170711 -0.0220115 0.515697 -0.0350715 0.37469 1.71622 -0.743451 -0.329153 -1.62741 1.94598
1104 -0.168581 -0.0466894 0.684897 -0.183244 0.508119 2.24708 -0.88927 -0.365355 -2.08277 2.52787
77 0.0669352 0.0805372 0.371617 -0.281868 0.107384 1.31503 -1.0772 -0.301287 -2.13131 2.14559
81 0.00992994 -0.0521299 0.451797 -0.317955 -0.146257 1.6869 -1.27817 -0.10306 -2.30324 2.58745
550 -0.148398 -0.275335 0.388597 -0.421013 -0.0848932 1.63261 -1.09238 -0.453213 -2.2381 2.82919
555 -0.0598889 -0.102487 0.388804 -0.293893 -0.319353 1.51602 -1.32895 -0.245852 -2.05669 2.87593
4 -0.16893 -0.186293 0.532879 -0.0296626 0.150445 1.73978 -1.33762 0.00542046 -2.37093 2.22595
745 -0.0148585 -0.18201 0.360817 -0.145717 0.47195 1.89925 -1.48537 -0.0585152 -2.44759 2.50898
746 0.0302041 -0.169012 0.370928 -0.185295 0.471182 1.97038 -1.47614 -0.11092 -2.5062 2.55776
732 0.0685413 0.290822 0.538378 -0.166361 -0.0294245 1.3431 -1.59342 -0.075708 -2.41194 2.82428
723 0.0312324 0.328734 0.450757 -0.151642 -0.0981207 1.31205 -1.48262 0.0806176 -2.21522 2.67176
1127 -0.182991 -0.286872 0.628585 -0.173874 0.0524747 1.95007 -1.21045 -0.250472 -2.20828 2.4071
1126 -0.173123 -0.253828 0.543726 -0.191697 0.0200395 1.91495 -1.23465 -0.214908 -2.16151 2.40485
80 -0.0214869 -0.0391637 0.433819 -0.294385 -0.157452 1.45434 -1.28067 -0.163975 -2.15066 2.70678
921 0.485893 -0.260481 0.716757 0.0293171 0.376984 1.50669 -2.04723 -0.601041 -3.15743 4.11452
916 0.447134 -0.242318 0.711804 0.0330588 0.320124 1.50121 -2.04688 -0.651118 -3.17243 4.00168
914 0.478555 -0.237819 0.715311 -0.0318234 0.367843 1.48106 -2.02494 -0.660252 -3.20159 4.02253
903 0.420524 -0.224497 0.734787 0.00575168 0.427552 1.52673 -1.97957 -0.595802 -3.15694 4.11784
897 0.517995 -0.223489 0.784302 0.0239773 0.363973 1.56281 -2.07443 -0.681971 -3.26472 4.13241
394 0.210982 0.0862759 0.68763 0.0366476 0.332312 2.5834 -2.30117 -0.0293058 -2.76753 4.14342
383 0.204668 0.106678 0.728651 0.0698254 0.312398 2.36898 -2.2104 -0.0195365 -2.60221 4.03353
792 0.413755 0.316628 0.957116 0.150046 0.581661 2.82199 -2.5663 0.297612 -2.99124 4.38285
797 0.360562 0.27866 0.953733 0.152061 0.591891 2.77947 -2.59564 0.241261 -2.98371 4.36762
796 0.381519 0.299041 0.939712 0.148727 0.591875 2.79297 -2.60865 0.327908 -3.03332 4.38066
121 0.0483693 0.0387935 0.493771 0.164179 0.163385 1.34539 -1.29393 -0.311784 -1.72611 2.41209
801 0.323093 0.315182 0.942657 0.137161 0.597674 2.80712 -2.56378 0.279376 -2.96336 4.45255
807 0.37194 0.282645 0.954014 0.158235 0.582471 2.79979 -2.58962 0.298048 -3.03678 4.34849
810 0.334773 0.334814 0.941939 0.121594 0.582111 2.69283 -2.53533 0.285286 -2.95002 4.28276
806 0.326565 0.329031 0.986645 0.161814 0.612968 2.84218 -2.55339 0.237931 -3.00564 4.40643
793 0.384551 0.338878 0.979639 0.160499 0.572007 2.77311 -2.55593 0.235854 -3.02192 4.37471
795 0.340249 0.358027 0.98477 0.142989 0.606291 2.8412 -2.55611 0.264167 -3.01538 4.41796
803 0.363714 0.236866 0.994739 0.129113 0.556946 2.7699 -2.59741 0.295213 -2.97154 4.43531
791 0.402695 0.272241 1.02281 0.120371 0.54212 2.71955 -2.54991 0.353511 -3.02184 4.36286
794 0.341779 0.238149 1.01052 0.169478 0.575691 2.74983 -2.46821 0.245422 -2.98834 4.2462
469 0.352134 -0.0743197 0.400606 0.00968955 0.0367164 1.5597 -1.52227 -0.000840565 -1.77865 2.47874
808 0.360821 0.360245 0.947054 0.132753 0.549441 2.7597 -2.57299 0.331299 -3.00046 4.32142
798 0.371867 0.295521 0.919076 0.107663 0.557851 2.73945 -2.54106 0.338118 -2.94866 4.32661
809 0.342018 0.354363 0.926201 0.10031 0.533993 2.85278 -2.59774 0.287489 -3.00354 4.42751
800 0.351579 0.322483 0.973297 0.111552 0.646709 2.76004 -2.58908 0.287562 -3.00717 4.43068
826 0.600668 0.40674 1.27006 -0.192117 -0.573122 2.27869 -1.84021 0.288353 -3.14988 3.66333
821 0.607307 0.440719 1.24579 -0.169307 -0.554883 2.24918 -1.88169 0.291981 -3.20908 3.63358
426 -0.182389 0.156891 0.401939 -0.24975 0.00785061 1.79974 -1.04067 -0.660641 -2.17196 2.89534
506 0.14661 -0.0519569 0.454288 -0.165752 -0.237043 1.54388 -1.16622 -0.265219 -1.68707 2.79263
686 0.488808 -0.0916139 0.319573 -0.651034 0.323119 2.55992 -1.70224 -0.304817 -2.68039 3.92642
680 0.498122 -0.201051 0.399234 -0.576315 0.249592 2.49983 -1.65535 -0.323152 -2.59474 3.82046
316 -0.108798 -0.113716 0.241736 -0.443424 -0.142542 1.67916 -1.34939 -0.111255 -2.16052 2.80631
551 -0.039883 -0.232877 0.390547 -0.389682 -0.25247 1.67794 -1.33956 -0.17276 -2.20484 2.94446
278 -0.210099 -0.0611098 0.230926 -0.570804 0.0950333 1.97363 -1.09089 -0.585037 -2.18162 2.94193
587 0.0462361 0.137951 0.311558 -0.345898 0.0564791 2.1075 -1.3942 0.104396 -2.46533 2.4795
317 0.00999882 -0.0488386 0.153529 -0.532929 -0.0716955 1.63908 -1.46486 -0.109966 -2.37484 2.93254
1123 0.0102671 0.18669 0.377881 -0.210051 -0.248223 1.42221 -1.43236 -0.129417 -1.87504 2.88352
870 -0.042083 0.265136 0.463007 -0.2201 -0.248117 1.61316 -1.50008 -0.0549792 -1.96474 3.00332
917 0.375543 -0.293606 0.700718 -0.0393042 0.426378 1.40434 -1.98073 -0.621609 -3.06647 4.09912
911 0.467566 -0.242466 0.742301 0.0218742 0.346396 1.5835 -2.10029 -0.613411 -3.24503 4.28147
103 0.131757 -0.204076 0.47304 -0.455942 -0.19722 1.50327 -1.19757 -0.394582 -2.46668 2.87869
522 -0.0129804 -0.0878102 0.37812 -0.22939 -0.0914627 1.30376 -1.16887 0.136682 -1.78953 2.12887
726 -0.117409 0.226987 0.587153 -0.385475 -0.159907 1.38487 -1.3474 -0.00891645 -2.12568 3.11962
743 -0.0201682 -0.108151 0.343904 -0.153705 0.60343 1.9323 -1.50708 -0.0924305 -2.49433 2.57254
328 0.0479861 -0.187122 0.383617 -0.216107 0.72032 2.22578 -1.7176 -0.22852 -2.93359 2.90415
532 0.0263282 -0.0215924 0.45316 -0.0364689 0.277009 1.68322 -1.31599 -0.118627 -2.42777 2.16441
799 -0.303721 0.0266283 0.675858 -0.0745026 0.262962 1.4915 -0.687446 -0.268178 -1.31608 2.14215
949 -0.178885 -0.00440197 0.522452 -0.127767 0.180348 2.15594 -1.19001 0.00480325 -1.82068 2.49086
752 -0.054703 -0.0147443 0.450597 -0.0467935 0.0832577 2.54843 -1.74736 -0.130304 -2.62976 2.77845
399 0.292184 0.142779 0.561285 -0.114713 -0.17724 1.56507 -1.37668 -0.105285 -2.50472 2.41059
973 0.0375359 -0.0259989 0.641535 0.016225 0.194635 1.64226 -1.05607 -0.499406 -2.06788 2.4872
62 -0.181195 0.139317 0.591027 -0.164308 0.0102611 1.31552 -1.32056 -0.0826069 -2.14632 2.73171
341 -0.326823 -0.234815 0.930409 -0.1291 0.332628 1.78921 -1.37547 0.0819787 -2.18357 3.13838
759 0.0532941 -0.0892847 0.949705 -0.299129 -0.0903633 2.53423 -1.20721 -0.157815 -2.50765 3.15825
987 0.0356716 -0.0542539 0.859807 -0.2332 -0.118185 2.28129 -1.05892 -0.279434 -2.33352 2.84688
984 0.0463057 0.0129484 0.991504 -0.32439 -0.153596 2.48829 -1.24096 -0.220581 -2.52701 3.25416
346 -0.28082 -0.172222 0.77877 -0.180146 0.356639 1.68213 -1.4036 0.0924067 -2.13637 3.05191
349 -0.290562 -0.113753 0.84889 -0.257305 0.261098 1.81673 -1.47313 0.242396 -2.20314 3.2487
702 -0.0626621 -0.108869 0.360005 -0.320993 0.0558919 1.58407 -0.995222 -0.0624859 -1.72011 2.2654
954 0.107483 -0.102615 0.541331 -0.450797 0.0653534 1.66874 -1.18538 0.08617 -2.34049 2.35423
196 0.315017 -0.605393 1.02565 -0.262091 -0.131353 2.338 -1.90797 0.581116 -2.6136 3.9353
432 0.0533193 -0.00256696 0.701756 -0.238725 -0.234826 1.34667 -1.18763 0.31486 -1.99893 2.50906
459 -0.0768419 0.0977694 0.781751 -0.350246 0.203933 2.50949 -1.24305 0.150145 -2.07985 3.31625
457 -0.115125 -0.00305766 0.674608 -0.38044 0.0493828 2.51645 -1.27579 0.063969 -2.11894 3.19394
454 -0.0909385 0.0574593 0.68771 -0.349726 0.275305 2.58801 -1.32783 0.187668 -2.15986 3.30981
455 -0.0763662 0.0580275 0.75919 -0.407817 0.203569 2.51865 -1.28243 0.177751 -2.1342 3.29424
458 -0.160572 0.0431051 0.663458 -0.36741 0.195568 2.53187 -1.31769 0.185402 -2.06567 3.26853
598 -0.137201 -0.210776 0.708129 -0.0157457 0.351127 1.8938 -0.849746 -0.33434 -1.79538 2.40656
1121 0.324895 0.115761 0.608214 -0.190066 -0.144793 1.73318 -1.39697 -0.100708 -2.65474 2.52298
868 0.0630578 0.0545636 0.484654 0.144115 0.222009 1.73199 -1.45572 -0.201321 -2.20971 2.53936
93 0.143301 0.0612407 0.412767 -0.357472 -0.316008 1.83769 -1.57087 0.125045 -2.48244 2.69052
277 -0.211865 0.0511081 0.374078 -0.497888 0.28994 2.00877 -1.02753 -0.477428 -2.42319 2.6133
284 -0.240493 0.0884593 0.455792 -0.347158 0.281342 1.93569 -0.897118 -0.427421 -2.09989 2.34939
1069 -0.0757263 -0.327576 0.313008 -0.407585 -0.222952 1.83066 -1.26364 -0.217805 -2.40066 2.7461
128 -0.183663 0.172018 0.665686 -0.287571 -0.199348 1.80573 -1.32674 0.0895256 -2.21822 2.7421
727 -0.169374 0.170256 0.528923 -0.275627 -0.120652 1.40502 -1.2474 0.0966975 -1.82684 2.74873
1023 0.179723 0.562152 0.416343 -0.476101 0.118075 2.4119 -1.40112 -0.524371 -2.39627 3.6348
846 -0.0353512 0.110581 0.661169 -0.244387 -0.0381971 1.32274 -1.35408 0.114143 -2.07287 2.88329
850 -0.0128255 0.151244 0.645199 -0.246652 -0.067175 1.34895 -1.36234 0.102625 -2.09313 2.87242
725 0.0282648 0.2445 0.502315 -0.205662 -0.0341712 1.36116 -1.54299 -0.0389356 -2.38888 2.79431
963 -0.00108839 -0.0370298 0.50371 -0.524746 -0.0638113 1.56974 -1.04726 -0.197103 -2.24669 2.54107
1040 0.293011 0.659363 0.412321 -0.483357 0.175889 2.37839 -1.48904 -0.416836 -2.40383 3.5458
1039 0.199267 0.604815 0.447919 -0.386374 0.173313 2.32903 -1.4105 -0.449697 -2.36956 3.55502
688 0.499827 -0.0847047 0.377956 -0.672647 0.28424 2.54942 -1.70335 -0.297339 -2.60493 3.85069
805 0.409186 0.268201 0.953407 0.127137 0.573976 2.74914 -2.58021 0.33233 -2.99999 4.43229
804 0.373779 0.260167 0.971228 0.150703 0.54912 2.86744 -2.63753 0.287001 -3.04267 4.4107
401 0.0685585 0.213004 0.413948 0.18828 0.0996403 1.44455 -1.43208 -0.0379989 -1.57392 2.43443
682 0.518022 -0.137806 0.387547 -0.591737 0.211034 2.42041 -1.6829 -0.238076 -2.53445 3.80684
933 0.306516 0.0866579 0.696983 -0.125397 -0.177139 1.95119 -1.24542 -0.434252 -2.40729 2.77311
581 -0.0281452 -0.142732 0.621152 -0.192004 -0.240656 1.69382 -0.767491 -0.193369 -1.68341 2.1348
413 0.0691396 -0.191578 0.549528 -0.183282 0.123467 1.27831 -1.2412 -0.119533 -2.13136 2.32825
408 0.111631 -0.146353 0.562369 -0.217361 0.171297 1.33181 -1.16393 -0.031865 -2.24141 2.33297
1118 0.30335 0.0653806 0.519068 -0.132025 -0.104763 1.70812 -1.44733 -0.0951556 -2.69412 2.42691
161 0.166061 0.0580798 0.877964 -0.0502303 -0.0600997 1.82974 -1.04249 -0.391358 -2.19617 2.57925
144 0.10318 0.0591842 0.878926 -0.0750232 -0.0613273 1.90681 -0.937686 -0.257299 -2.06572 2.49022
786 -0.120677 -0.262268 0.442894 -0.215329 -0.239813 1.99032 -1.35279 -0.0659557 -1.86583 3.14418
500 -0.0116754 0.0476416 0.475293 0.0910481 0.0460318 1.64696 -1.51189 -0.326597 -1.6909 2.98543
448 -0.0417118 0.0310471 0.627068 -0.0374955 0.187983 1.79016 -0.990141 -0.4444 -2.09281 2.38794
431 -0.0621205 0.115203 0.48713 -0.391069 -0.0965495 1.39495 -1.26652 0.0600353 -2.16094 2.69453
730 -0.0837158 0.262377 0.674814 -0.383932 -0.234893 1.40249 -1.3406 -0.108977 -2.25155 3.1652
528 -0.0285872 0.0920974 0.443983 -0.318931 -0.149194 1.60013 -1.31248 -0.0662879 -2.29725 2.71094
1002 -0.132215 -0.100609 0.419476 -0.44404 0.57262 1.93546 -1.36444 -0.975927 -2.71419 3.59998
1001 -0.0627125 -0.146385 0.461303 -0.355423 0.493038 1.8957 -1.37325 -1.01761 -2.76863 3.44616
997 -0.102504 -0.0623029 0.389573 -0.41377 0.513413 1.89887 -1.36763 -1.00545 -2.75912 3.56348
998 -0.1275 -0.0815367 0.41662 -0.342059 0.501764 1.92534 -1.31793 -0.908981 -2.61362 3.32627
1005 -0.140132 -0.123102 0.428004 -0.330097 0.557288 1.97908 -1.41237 -1.05422 -2.75756 3.61317
995 -0.00830878 -0.091256 0.501055 -0.265693 0.362628 1.84376 -1.23085 -0.95182 -2.63713 3.31197
994 -0.12361 -0.0135156 0.408 -0.413937 0.545289 1.92926 -1.35121 -0.992031 -2.67915 3.43886
1003 -0.170089 -0.107834 0.441216 -0.420929 0.458026 2.00716 -1.30691 -1.03969 -2.73362 3.56095
263 -0.0409828 0.221954 0.506149 -0.594512 -0.0487695 1.9558 -1.10374 -0.0747188 -2.45439 2.70735
704 0.148241 -0.212215 0.512815 -0.15622 -0.0414447 1.46149 -1.12238 -0.103267 -2.03676 2.09475
424 0.274796 -0.0544504 0.357082 -0.20683 -0.226561 1.45148 -1.29304 -0.405187 -1.79254 2.88674
1107 0.182317 0.24006 0.777688 0.0316958 0.0746157 1.97365 -1.1838 -0.606889 -2.52883 2.62142
1108 0.14344 0.298291 0.776518 0.0570411 0.0701505 1.80951 -1.23778 -0.640983 -2.49229 2.64818
632 0.173562 0.231857 0.754135 0.0195268 0.0981594 1.93271 -1.23864 -0.583141 -2.54506 2.62469
1106 0.21582 0.27825 0.855045 0.0347647 0.0598651 1.92385 -1.23649 -0.508046 -2.4851 2.59489
1009 0.0456444 -0.173096 0.658176 -0.136184 0.145521 1.57669 -0.971815 -0.854879 -2.33548 2.91117
996 -0.136556 -0.0945685 0.51907 -0.361397 0.476267 1.78906 -1.22963 -1.00691 -2.70062 3.46103
22 -0.0421715 -0.0842659 0.345852 -0.326801 0.161459 1.5772 -1.21178 -0.526675 -2.18955 2.83977
13 0.0135146 0.0519117 0.537448 -0.354938 0.0692527 2.03711 -1.31739 -0.101224 -2.19417 3.1609
938 0.0420637 0.0426788 0.372203 -0.343335 -0.154218 1.70174 -1.19739 -0.289646 -1.93197 2.74559
422 -0.181978 0.0681638 0.443563 -0.274583 -0.0553235 1.77413 -1.08466 -0.476375 -2.08935 2.68629
1052 0.258393 0.173208 0.986421 -0.248119 -0.288764 1.82588 -1.61443 -0.176834 -2.09616 4.46316
946 -0.391832 -0.0820213 0.402568 -0.116918 0.443515 2.37569 -1.58911 -0.146065 -1.87818 3.36258
947 -0.343194 -0.0815947 0.377604 -0.135418 0.431105 2.42145 -1.69591 -0.213806 -1.96743 3.51137
1053 0.210286 0.171128 1.03023 -0.201477 -0.184325 1.87181 -1.5838 -0.151233 -2.00846 4.40248
470 0.387185 -0.353434 1.41894 -0.250882 0.13794 1.89292 -1.09094 -0.614624 -2.83548 3.8544
472 0.413777 -0.285778 1.45847 -0.226913 0.125467 1.84599 -1.08778 -0.589265 -2.75763 3.78892
487 0.426962 -0.393093 1.42403 -0.223894 0.0783526 1.87396 -1.10486 -0.566218 -2.8039 3.76413
1006 -0.116431 -0.121523 0.359997 -0.330706 0.495031 1.88579 -1.33805 -0.983459 -2.58705 3.42393
51 -0.101013 0.0186021 0.380753 -0.298212 -0.122616 1.56598 -1.52452 0.130199 -2.26932 2.84984
588 0.15217 0.229381 0.314068 -0.35735 -0.259325 1.75784 -1.25965 -0.117857 -2.3581 2.60702
293 0.0872948 -0.272398 0.439153 -0.346826 -0.151772 1.51359 -1.25277 -0.477466 -2.45233 2.92579
820 0.591966 0.411522 1.19453 -0.212255 -0.608025 2.30052 -1.85344 0.283431 -3.15682 3.62356
822 0.636726 0.395694 1.19192 -0.224209 -0.609719 2.24325 -1.83926 0.294425 -3.14192 3.60073
815 0.647741 0.434151 1.19311 -0.202731 -0.588401 2.27453 -1.87157 0.291022 -3.20173 3.68338
417 -0.0288464 -0.240356 0.413012 -0.312029 -0.330266 1.66111 -1.33885 -0.305725 -2.10114 2.98513
526 0.118525 0.186823 0.271555 -0.465396 -0.066377 1.31897 -1.1465 -0.0610944 -2.02102 2.29046
348 -0.254626 -0.151888 0.831872 -0.20195 0.273107 1.75525 -1.38107 0.164382 -2.08587 3.18693
345 -0.217376 -0.0451158 0.730805 -0.290317 0.1929 1.68651 -1.39801 0.215248 -2.12117 2.95434
276 -0.268466 -0.0240701 0.9155 -0.273962 0.237606 1.69404 -1.43471 0.296203 -2.08737 3.2922
55 -0.310861 0.0364858 0.911372 -0.280226 0.269281 1.65659 -1.45188 0.240247 -2.21579 3.41415
1082 0.0878834 0.00987524 0.22674 -0.169682 -0.360016 0.992516 -1.03511 -0.297978 -1.84661 1.94671
935 0.272992 0.118505 0.721575 -0.0999531 -0.182422 1.82864 -1.21736 -0.349492 -2.40254 2.62189
936 0.215172 0.109654 0.704228 -0.105176 -0.140675 1.87052 -1.25634 -0.433467 -2.40173 2.73922
479 0.150636 -0.239021 0.989828 -0.00241796 0.0296823 1.7291 -1.01096 -0.501608 -2.21214 2.70508
1007 -0.0857959 -0.120025 0.712002 -0.208512 0.191129 1.6444 -0.927258 -0.833514 -2.17099 2.94768
15 -0.173156 -0.229915 0.322777 -0.328908 0.16454 1.5781 -1.21572 -0.627636 -2.15091 2.99169
182 -0.277359 -0.264165 0.199155 -0.422941 0.160615 1.51045 -1.06149 -0.568321 -1.85011 2.84281
168 0.652065 0.426375 1.53164 -0.797378 0.406989 2.93299 -1.53253 0.518489 -3.42001 4.47443
167 0.640384 0.422837 1.52927 -0.767262 0.535261 3.08869 -1.6093 0.532835 -3.48466 4.59687
158 0.636325 0.42637 1.49645 -0.726396 0.456338 2.99546 -1.64894 0.566239 -3.47299 4.60193
155 0.620802 0.454154 1.50947 -0.75001 0.431354 3.04294 -1.60247 0.579572 -3.40655 4.50435
152 0.595284 0.41959 1.5684 -0.724245 0.477302 3.07251 -1.60835 0.500073 -3.47596 4.57903
147 0.689178 0.463407 1.49926 -0.792278 0.442896 2.99309 -1.65343 0.513137 -3.47418 4.55328
153 0.68475 0.453905 1.59262 -0.74454 0.518433 3.03729 -1.5738 0.479445 -3.47997 4.47241
154 0.652741 0.425652 1.49779 -0.714534 0.431764 2.96885 -1.6004 0.531994 -3.41483 4.5081
157 0.625066 0.436079 1.48897 -0.761494 0.439959 3.06524 -1.63848 0.549851 -3.45725 4.59516
166 0.667734 0.450856 1.57982 -0.772621 0.441949 3.1024 -1.65921 0.579578 -3.50655 4.65552
160 0.646952 0.414619 1.4743 -0.742926 0.479236 2.9914 -1.59779 0.529091 -3.38856 4.44993
165 0.647364 0.431752 1.49477 -0.77254 0.481847 3.02007 -1.60062 0.520932 -3.45703 4.53423
140 0.423383 0.339414 1.31375 -0.578221 0.389739 2.64462 -1.20487 0.502282 -2.79645 3.76308
559 0.00473797 0.0507844 0.504978 -0.0153137 0.205854 1.49437 -1.03364 -0.658138 -1.97233 2.65784
75 0.163494 0.0310172 0.344659 -0.373532 -0.239019 1.2045 -1.25958 0.00280195 -2.04195 2.36074
817 0.581107 0.396188 1.21777 -0.221828 -0.58968 2.30652 -1.83808 0.312956 -3.16419 3.64458
749 -0.0781929 0.0174945 0.451977 -0.0910176 0.0897772 2.54084 -1.68352 -0.158049 -2.6497 2.74069
750 -0.127323 0.0780901 0.336169 -0.0468707 0.197725 2.4503 -1.73499 -0.217299 -2.5982 2.83126
751 -0.0871185 0.0373672 0.454445 -0.0499473 0.173291 2.52101 -1.70932 -0.179507 -2.72652 2.78449
748 0.00484467 0.00848397 0.430132 -0.0523943 0.146287 2.46859 -1.72998 -0.176617 -2.67169 2.71029
568 0.189819 0.32537 0.685176 -0.303368 0.0396931 1.9131 -0.943415 -0.43475 -2.50294 2.43664
599 -0.0522229 -0.0711669 0.77267 -0.0347489 0.324797 1.83226 -0.881783 -0.338261 -1.99206 2.38151
966 -0.133193 -0.00841612 0.440883 -0.207786 -0.0157118 1.46429 -0.957045 -0.343752 -1.8497 2.23927
163 0.0796863 -0.0070978 0.876346 -0.0602146 -0.151038 1.88696 -1.10965 -0.406604 -2.27342 2.74056
1021 0.170326 -0.145721 0.509282 -0.248206 -0.22697 1.49092 -1.34899 0.187389 -2.26649 2.2374
266 -0.0739428 -0.221263 0.370628 -0.467343 -0.142105 1.53075 -1.12047 -0.340206 -2.05068 2.66779
910 0.0132271 -0.241905 0.526388 -0.0142433 0.0207924 1.29868 -1.03036 -0.37528 -1.86796 2.44629
755 0.0394335 0.140682 0.192547 -0.366677 0.480399 1.95718 -1.40144 -0.0378782 -2.64912 2.24098
513 -0.379119 -0.260346 0.348691 -0.490628 0.0297504 1.86661 -1.1372 -0.551077 -2.12621 3.1521
421 -0.290638 0.0745018 0.488297 -0.397227 0.0714648 1.88234 -0.938934 -0.562433 -2.0135 2.7026
742 0.0539442 0.017753 0.599042 -0.0396613 0.189909 1.64127 -1.28212 -0.0203569 -2.50525 2.1984
1131 0.207549 0.184487 0.523537 -0.226045 -0.24029 1.41017 -1.36395 -0.117714 -2.3863 2.62964
960 0.152372 0.0572443 0.42436 -0.127492 -0.195041 1.64245 -1.24934 -0.339911 -1.97874 2.68122
558 0.182486 -0.298432 0.456691 -0.408823 -0.256805 1.39494 -1.30997 -0.362192 -2.46626 2.86386
423 -0.218422 0.0803087 0.463615 -0.402377 0.0880351 1.90332 -0.934291 -0.658134 -2.14914 2.65816
1000 -0.0204696 -0.0713172 0.634067 -0.177809 0.132367 1.63284 -1.00983 -0.897617 -2.24471 2.98222
419 -0.16353 0.144982 0.328621 -0.217734 0.0949433 1.80714 -1.12638 -0.590233 -2.23216 2.68747
1066 0.145429 0.280102 0.291991 -0.53876 0.0639932 2.1745 -1.3711 -0.367678 -2.19244 3.4332
180 0.244236 0.165317 0.601931 -0.404082 0.409681 2.19656 -0.946525 -0.604287 -2.19611 2.9208
1064 0.172311 0.264034 0.330662 -0.53872 0.00847379 2.1524 -1.35255 -0.445975 -2.27206 3.4636
1120 0.329642 0.112699 0.523333 -0.171008 -0.0867834 1.58559 -1.37665 -0.125723 -2.62013 2.44844
344 -0.274484 -0.174502 0.796663 -0.219945 0.211962 1.65795 -1.41582 0.166003 -2.10293 3.18901
275 0.0251499 0.0108854 0.768169 -0.262116 0.0519542 1.05309 -1.0535 0.0685296 -1.73003 2.60669
313 0.0618158 0.0460307 0.199991 -0.533165 -0.133702 1.67672 -1.45371 -0.0242838 -2.3199 2.83788
970 0.0915565 0.000523413 0.298938 -0.554085 -0.280393 1.64411 -1.23306 -0.189089 -2.31196 2.75385
270 0.140129 0.119064 0.438657 -0.567276 -0.182751 1.83668 -1.11276 -0.20887 -2.51783 2.64708
1119 0.336391 0.0280483 0.567867 -0.166321 -0.0389165 1.75654 -1.36732 -0.20277 -2.78209 2.48439
625 -0.431234 -0.0445516 0.711877 -0.0975533 0.182117 1.8372 -0.961296 -0.233729 -1.7737 2.57791
626 -0.408505 0.00190471 0.639798 -0.0873578 0.244211 1.8677 -0.966984 -0.242759 -1.73002 2.45386
59 -0.35653 0.0480973 0.753569 -0.148669 0.0883759 1.72524 -1.13991 0.245723 -1.84035 2.65784
653 0.0702463 0.107316 0.289611 -0.408034 -0.0158758 2.08157 -1.25546 0.13796 -2.3011 2.11929
648 0.0683663 0.0418759 0.328581 -0.40561 0.00283187 2.05154 -1.24325 0.19659 -2.30992 2.12762
538 -0.139324 0.192667 0.555747 -0.22513 0.0115056 1.47074 -1.46168 -0.0934978 -2.3139 2.95164
991 0.0917602 -0.0272519 0.398119 -0.0826405 0.203237 1.33746 -1.07333 -0.357552 -1.98966 2.42899
261 0.0187024 -0.211247 0.375939 -0.299591 -0.32787 1.56799 -1.22896 -0.301858 -1.94403 2.84128
1146 0.0162174 0.0503668 0.498663 -0.198028 -0.161092 1.41002 -1.32321 -0.10743 -2.28945 2.44272
729 -0.0749928 0.316905 0.4708 -0.358647 -0.0745694 1.39174 -1.31988 0.0210589 -2.00496 2.94789
904 -0.114403 -0.334908 0.403272 -0.190107 -0.0405778 1.39626 -1.24618 -0.474589 -2.04377 3.04624
905 -0.108675 -0.2881 0.34418 -0.258377 -0.026914 1.34943 -1.15966 -0.437677 -2.00592 2.81519
134 -0.196161 0.214431 0.621948 -0.419164 -0.216245 2.04212 -0.986596 -0.0982824 -2.15625 2.72479
863 -0.0193659 0.027606 0.30326 -0.236346 0.0700843 1.19852 -0.929905 -0.238191 -1.92401 2.10981
1008 0.0660523 0.105159 0.748888 -0.0780821 -0.113114 1.86133 -1.08728 -0.456946 -2.24237 2.66305
57 -0.357569 0.18068 0.974884 0.0466696 0.147168 1.52664 -1.33333 -0.149038 -2.12019 2.99277
890 0.10512 -0.00641825 0.488271 -0.298666 -0.375354 1.59009 -1.11124 -0.074138 -1.75196 2.66176
591 0.0626296 0.151458 0.333074 -0.276481 0.12336 2.15845 -1.55342 0.254073 -2.53991 2.47897
135 -0.267296 0.246851 0.701485 -0.363912 -0.236755 2.06804 -1.05475 -0.0120301 -2.14165 2.79777
425 -0.163379 0.0886643 0.369989 -0.220829 0.067157 1.75478 -1.08303 -0.62164 -2.20976 2.71026
776 -0.0287563 -0.0680485 0.516428 -0.108998 0.174602 1.4375 -1.06441 -0.258705 -1.98308 2.53047
835 0.139608 0.0414078 0.502376 -0.192428 -0.154641 1.45705 -1.27538 0.039824 -2.19919 2.25011
178 0.244723 0.10231 0.548842 -0.463787 0.386112 2.27847 -0.984275 -0.634329 -2.22984 3.01734
176 0.220315 0.131309 0.618242 -0.428694 0.323722 2.2794 -0.948156 -0.569561 -2.17887 3.02272
1018 -0.163911 -0.210582 0.605334 -0.043634 -0.0775301 1.71797 -1.09565 -0.300413 -1.87835 2.67891
1042 0.0953741 0.0225296 0.409627 -0.205557 -0.248791 1.05651 -1.05326 -0.409715 -1.61633 2.64861
1114 -0.0882646 0.0593263 0.762872 -0.265021 -0.136237 1.90185 -0.96273 -0.431257 -1.97902 2.71394
329 0.04315 -0.175239 0.366989 -0.214424 0.713244 2.34451 -1.81768 -0.206009 -2.98374 3.00731
330 0.0094212 -0.16896 0.339245 -0.20226 0.679078 2.28143 -1.74926 -0.149094 -2.87616 2.94815
326 0.00197092 -0.210027 0.383809 -0.164097 0.62698 2.20776 -1.6874 -0.196723 -2.79925 2.85024
546 -0.270198 -0.312146 0.31102 -0.389806 -0.150308 1.8428 -1.37048 -0.160973 -2.12384 2.89317
556 -0.240664 -0.304138 0.218208 -0.43263 -0.0356587 1.80495 -1.32748 -0.195576 -2.21192 2.8901
849 -0.138533 0.0862103 0.761504 -0.167865 -0.0223637 1.40019 -1.43615 0.124991 -2.08277 3.08477
836 -0.272288 -0.233311 0.507696 -0.207937 0.0535413 1.78122 -1.00826 -0.188041 -1.9315 2.19374
837 -0.22102 -0.293056 0.499566 -0.158984 0.0630524 1.73924 -1.05805 -0.201366 -2.01303 2.22707
420 -0.203296 0.115194 0.399593 -0.332985 0.0353418 1.88592 -1.02744 -0.683862 -2.16073 2.85544
76 0.061519 0.144531 0.414973 -0.178642 0.0699558 1.19669 -1.16601 -0.242908 -2.08625 2.13847
731 0.0137025 0.267488 0.505534 -0.230692 -0.052556 1.38475 -1.47677 -0.0950254 -2.3835 2.78888
249 -0.0618891 0.0504717 0.307134 -0.154518 0.150658 1.57557 -1.12825 -0.696797 -2.16709 2.62013
536 -0.206239 0.261949 0.546814 -0.140735 0.036287 1.48665 -1.40203 -0.231955 -2.15389 2.89571
549 -0.282661 -0.339469 0.23989 -0.460269 -0.0224226 1.82051 -1.40546 -0.175735 -2.07414 2.95145
953 -0.102861 0.0316304 0.557602 -0.40013 0.0345033 1.87686 -1.26191 0.249067 -2.33 2.44258
639 -0.0113768 0.317245 0.40784 -0.227345 -0.0467811 1.48224 -1.44531 -0.000388602 -2.2819 2.61357
535 -0.244194 0.233254 0.518975 -0.18061 -0.0173343 1.47867 -1.41274 -0.19009 -2.19497 2.87454
241 0.15164 0.184612 0.43388 -0.343307 0.0648738 1.25438 -1.09647 -0.19013 -2.02832 2.03697
975 0.203726 0.22822 0.839368 -0.135616 -0.0539658 1.82876 -0.964524 -0.603231 -2.33025 2.75726
53 0.0174684 0.0988653 0.37225 -0.00533568 -0.00434934 1.22479 -1.1917 -0.316112 -1.88809 2.35745
136 -0.290505 0.300528 0.739125 -0.164791 -0.0882495 1.48104 -1.38432 0.0658993 -2.06879 2.94034
127 -0.316861 0.36233 0.80468 -0.169249 -0.126885 1.60029 -1.39174 -0.0876168 -2.22655 3.17397
133 -0.162864 0.34902 0.751964 -0.28395 -0.302223 1.50141 -1.27424 0.10745 -2.07447 2.85612
12 0.0780421 0.0979631 0.33673 -0.3348 -0.012774 1.97377 -1.13391 0.0950589 -2.30485 1.88325
950 -0.330393 -0.0388259 0.355523 -0.121902 0.348448 2.40375 -1.68856 -0.190559 -1.97402 3.51617
942 -0.359839 -0.0663776 0.330772 -0.0499832 0.461592 2.27799 -1.67798 -0.2603 -1.99029 3.51212
992 -0.0490168 -0.406826 0.41137 -0.414028 -0.053116 1.50774 -1.15771 -0.359548 -2.27872 2.76136
554 -0.0634548 -0.124017 0.415975 -0.373713 -0.250847 1.47636 -1.24526 -0.416189 -2.27132 2.91722
834 0.194573 -0.0900595 0.463741 -0.24912 0.0958206 1.27358 -1.10589 -0.0254477 -2.11259 2.11646
615 -0.245304 0.108461 0.221661 -0.726813 0.495464 2.66196 -1.44307 -0.621077 -2.65466 3.75305
613 -0.0862136 0.11521 0.311263 -0.697498 0.303688 2.4762 -1.21413 -0.451238 -2.49865 3.20309
606 -0.241188 0.157705 0.285657 -0.739116 0.404463 2.54756 -1.22789 -0.546666 -2.53693 3.38701
617 -0.301966 0.193543 0.297143 -0.840254 0.442933 2.93212 -1.48287 -0.555364 -2.78298 4.02304
614 -0.25641 0.177414 0.374883 -0.761176 0.588582 2.95296 -1.45476 -0.535398 -2.87311 3.98438
608 -0.251669 0.162201 0.355273 -0.794079 0.522585 2.99875 -1.4686 -0.501419 -2.88548 3.96035
610 -0.184146 0.22234 0.414453 -0.765162 0.603233 2.94432 -1.43539 -0.519282 -2.86918 3.95989
609 -0.190441 0.121869 0.365264 -0.812853 0.538958 2.93376 -1.37725 -0.450354 -2.83247 3.93543
1083 0.0608734 0.0135165 0.468006 -0.0731727 -0.0725567 1.39219 -1.16918 -0.581083 -2.09036 2.84001
961 0.0197995 -0.176084 0.472231 -0.246481 -0.145583 1.38236 -1.13825 -0.24501 -2.07999 2.58559
1020 0.098667 -0.11559 0.48501 -0.28435 -0.0922361 1.23188 -1.0027 0.275753 -1.95692 1.91424
772 0.0215825 -0.0474128 0.268797 -0.134233 0.0700857 1.54719 -1.25901 -0.141938 -2.28278 2.18634
925 0.0689815 0.0397167 1.10714 -0.235528 0.0988471 2.52796 -1.24628 -0.293117 -2.64092 3.35242
923 0.0859457 0.0275481 1.07264 -0.18979 0.162041 2.42391 -1.2665 -0.246618 -2.64653 3.31316
541 0.201259 -0.0893943 0.612331 -0.142749 0.0237565 1.73563 -1.36994 0.201344 -2.41811 2.46759
280 0.0152665 0.0683856 0.35563 -0.240234 -0.068084 1.5039 -1.25758 -0.171869 -2.16516 2.48136
115 -0.0401565 -0.0164178 0.928547 -0.187923 0.38322 2.43389 -1.05584 -0.27106 -2.40924 3.06495
177 0.271269 0.0981909 0.602054 -0.420869 0.314707 2.35215 -0.987406 -0.554691 -2.26024 2.97103
117 -0.0907598 -0.0432572 0.93071 -0.175262 0.492695 2.43746 -1.07728 -0.323592 -2.31688 3.17691
162 0.105983 0.153192 0.896135 -0.233929 0.138851 1.91279 -0.793881 0.131312 -1.83703 2.3714
553 -0.0724686 -0.172511 0.331346 -0.284969 -0.0860641 1.38678 -0.980728 -0.515155 -1.91241 2.70535
406 0.264412 0.097708 0.355273 -0.409751 -0.207367 1.72612 -1.53938 0.189039 -2.58858 2.5578
784 -0.0309155 -0.0335969 0.415382 -0.11453 0.0508785 1.66942 -1.5796 -0.350819 -2.46881 2.94677
969 0.0530741 0.0169991 0.286751 -0.58425 -0.247557 1.65139 -1.18869 -0.309743 -2.29078 2.83845
592 -0.294877 0.175956 0.841101 0.0865808 0.187847 1.6465 -1.08688 -0.448269 -1.83041 2.71846
595 -0.389873 0.129219 0.95436 0.0933388 0.152788 1.5571 -1.07095 -0.403039 -1.86336 2.74177
920 0.00338075 -0.163481 0.391024 -0.0293155 -0.0686196 1.2396 -1.16491 -0.44942 -1.65912 2.65798
1015 -0.155132 -0.207434 0.608028 -0.0585203 -0.104273 1.63553 -1.13516 -0.281623 -1.88366 2.81964
118 -0.106792 0.0697614 0.987913 -0.20324 0.414977 2.42745 -1.03386 -0.357323 -2.29703 3.1181
537 -0.300258 0.222526 0.593369 -0.142777 -0.00449816 1.49982 -1.39216 -0.306339 -2.33981 3.01439
642 -0.215607 0.0187736 0.451513 -0.176489 -0.046555 1.3723 -1.41065 -0.146725 -2.08611 2.75431
899 0.391381 -0.199957 0.67223 -0.00103577 0.418729 1.4967 -1.91255 -0.578223 -2.93519 3.87504
908 0.500914 -0.258381 0.769287 -0.0220538 0.35586 1.5801 -2.00944 -0.580218 -3.21822 4.09711
915 0.481547 -0.230156 0.734981 -0.00243932 0.38199 1.52718 -2.03489 -0.605655 -3.23561 4.02224
462 0.173132 0.164508 0.700178 0.00944172 -0.1006 1.76377 -1.27732 -0.393739 -2.36022 2.58406
251 -0.188877 0.0383217 0.579002 -0.244026 -0.0434691 1.44299 -0.607393 -0.363377 -1.43864 2.10655
848 -0.0532045 0.0720124 0.826413 -0.183952 -0.0793998 1.28219 -1.28622 0.0566915 -2.04508 2.8576
583 -0.0458715 0.254745 0.464911 -0.550077 -0.0105144 1.81558 -0.953247 0.0162419 -2.15969 2.34243
612 -0.24991 0.281286 0.226922 -0.666709 0.30856 2.49437 -1.21077 -0.639295 -2.33502 3.35355
766 0.0493802 -0.0347628 0.441464 0.0129672 -0.00215939 1.09887 -0.915544 -0.433955 -1.63247 2.05431
242 0.0751818 0.0472003 0.387593 0.199492 0.18766 1.32478 -1.46256 -0.0615465 -1.77182 2.32022
901 0.430159 -0.128944 0.727802 0.0285544 0.379987 1.47889 -1.99722 -0.637719 -3.12778 4.03007
909 0.471703 -0.165241 0.686977 0.0178974 0.334227 1.53334 -2.03753 -0.64354 -3.16484 4.01219
898 0.47194 -0.21168 0.726721 -0.0143132 0.390888 1.47887 -2.07501 -0.563648 -3.16556 4.13392
964 -0.0632045 0.0257584 0.380594 -0.587796 0.0218781 1.70828 -0.954651 -0.147827 -2.1809 2.40983
939 0.0262652 0.0347595 0.478681 -0.0608357 -0.210842 1.42829 -0.924619 -0.322773 -1.83708 1.88283
600 0.32387 -0.103248 0.466724 -0.190999 -0.231907 1.58449 -1.23878 -0.309463 -2.02997 2.56003
259 0.0878064 0.0566946 0.426043 -0.530709 -0.198912 1.84403 -1.21819 -0.165815 -2.5009 2.76766
865 0.0842616 -0.021228 0.490538 0.150769 0.0985499 1.71832 -1.5576 -0.120664 -2.18201 2.63118
869 0.148361 0.0696721 0.507605 0.175344 0.133967 1.75054 -1.48533 -0.18498 -2.15462 2.61407
590 0.0748465 0.107408 0.25762 -0.331944 0.0764819 2.16825 -1.56585 0.213857 -2.52476 2.57502
967 0.122452 -0.0542846 0.532818 -0.106692 0.0633114 1.35165 -0.876595 -0.347619 -1.79452 2.05254
265 -0.0609513 0.0230246 0.388438 -0.204204 -0.0694591 1.59466 -1.46261 -0.0988434 -2.18786 2.65567
58 -0.195906 0.0892004 0.950749 -0.0195274 0.064922 1.34747 -1.35409 0.13191 -2.05016 2.88167
398 0.238185 0.0770951 0.676338 -0.0321645 0.33539 2.50374 -2.30424 -0.0156419 -2.85504 4.20726
397 0.174812 0.10398 0.627145 0.0538219 0.306168 2.42339 -2.2018 0.0133943 -2.63313 3.99286
952 0.128727 -0.114021 0.543715 -0.487931 0.0868835 1.76999 -1.14293 0.060624 -2.47929 2.37425
829 0.126018 0.0421214 0.360782 0.188244 0.213604 1.48929 -1.54341 0.060511 -1.61131 2.41612
112 -0.0653585 -0.0340102 0.918422 -0.219594 0.442026 2.56776 -1.01462 -0.318135 -2.4345 3.17884
347 -0.114065 0.153079 0.533294 -0.272493 -0.139122 0.980366 -0.977334 0.00481024 -1.59485 2.48467
1112 -0.0372971 -0.136861 0.80832 -0.279119 -0.174718 2.23261 -1.04791 -0.279477 -2.1871 2.87195
1115 0.106117 -0.152075 0.906264 -0.196762 -0.134065 2.27559 -1.14465 -0.145608 -2.36497 2.97735
1116 0.0987755 -0.136267 0.997049 -0.157257 -0.103227 2.16792 -1.06621 -0.199323 -2.26503 2.93051
616 -0.157579 0.137265 0.32733 -0.68133 0.376945 2.60383 -1.33338 -0.527238 -2.53847 3.46955
111 -0.138112 0.0187169 0.900971 -0.22613 0.433583 2.49571 -1.07419 -0.330638 -2.41337 3.17175
113 -0.0186037 0.0480607 0.886929 -0.216142 0.422667 2.46486 -1.03864 -0.372872 -2.33509 3.13961
385 0.180873 0.0915686 0.693973 0.0375708 0.402919 2.4942 -2.24604 0.0223231 -2.71589 4.14061
395 0.220482 0.0816917 0.656544 0.0297255 0.350372 2.51219 -2.27193 -0.0155753 -2.75311 4.12911
386 0.211359 0.0742648 0.697742 0.0824944 0.28991 2.52053 -2.26788 0.0327673 -2.66281 4.06234
245 0.184661 0.149962 0.603404 -0.00209071 0.326774 2.30916 -2.18558 -0.0155959 -2.54512 3.92517
621 0.170646 0.201758 0.61868 -0.0276397 0.268734 2.40522 -2.19444 0.0772655 -2.5493 3.93648
619 0.177765 0.129058 0.638704 0.0685 0.137061 2.24975 -2.18316 0.0473577 -2.50003 3.80133
891 0.147733 -0.0824494 0.558341 -0.200477 -0.345512 1.72218 -1.1119 -0.0467097 -1.80957 2.643
132 -0.309006 0.257299 0.684375 -0.444057 -0.228902 2.12031 -1.03772 -0.0103232 -2.25733 2.75825
644 -0.147165 0.165117 0.4495 -0.424324 -0.00163428 1.53036 -1.006 0.0560946 -1.87421 2.26083
813 0.142158 0.201558 0.31946 -0.463494 0.0442758 1.55409 -1.05059 -0.0360613 -2.21736 1.96054
410 0.192814 -0.102475 0.619035 -0.550209 -0.181869 1.68375 -1.27172 0.0105345 -2.45125 2.75579
252 -0.14411 -0.293413 0.234903 -0.333124 0.165815 1.4038 -0.978218 -0.555126 -1.88314 2.62251
845 -0.125934 0.153088 0.490262 -0.228525 -0.0908269 1.18808 -1.12786 -0.358907 -1.83361 2.53633
453 -0.0771394 0.0692777 0.780502 -0.372688 0.281877 2.48068 -1.21961 0.112329 -2.11381 3.23516
456 -0.0673329 0.0612597 0.732145 -0.381589 0.217741 2.44467 -1.22286 0.161129 -2.09112 3.19292
828 0.177363 0.270776 0.27433 -0.436724 0.225567 1.42543 -0.95259 -0.00903927 -1.93654 1.74329
264 -0.0279498 -0.161871 0.30627 -0.342451 -0.257126 1.66361 -1.16746 -0.337119 -2.04947 2.82966
832 0.141565 -0.00831582 0.330565 -0.479294 -0.16399 1.83551 -1.23909 0.0895898 -2.28577 2.26204
601 0.287767 -0.11575 0.406118 -0.13379 -0.195727 1.58803 -1.36016 -0.248216 -2.12494 2.56623
1103 -0.119642 0.0569992 0.762036 -0.118948 0.526884 2.31545 -0.945927 -0.353678 -2.12163 2.52039
452 -0.145347 0.0587988 0.576242 -0.169837 -0.0776631 1.5526 -0.751875 -0.20917 -1.49971 1.97765
1156 -0.242382 0.0193274 0.64527 -0.298595 -0.246342 1.90698 -0.956562 -0.254036 -1.84702 2.73127
285 -0.106068 0.198923 0.349512 -0.529001 0.265134 1.92319 -1.07077 -0.385935 -2.46073 2.6072
387 0.213684 0.0696227 0.709075 0.0513385 0.403421 2.5482 -2.26239 -0.0048837 -2.78122 4.0941
827 0.190783 0.108405 0.31516 -0.186864 0.110744 1.47915 -1.15244 0.177816 -2.05212 1.63715
790 -0.0491504 0.0717976 0.535446 -0.0857692 0.0740069 1.43166 -0.646309 -0.267999 -1.42081 1.82569
728 -0.15164 0.17613 0.621668 -0.253422 -0.122597 1.38875 -1.32102 0.165521 -2.01592 2.7844
913 0.0452975 -0.178878 0.452514 -0.00624845 0.0270744 1.29401 -1.06987 -0.33085 -1.83259 2.31967
156 0.674888 0.479603 1.52074 -0.762608 0.409667 2.93246 -1.62203 0.486105 -3.42174 4.52436
164 0.429041 0.342848 1.35263 -0.598549 0.393908 2.73472 -1.29999 0.52583 -2.88283 3.77904
149 0.622801 0.438925 1.50449 -0.764209 0.45185 2.98632 -1.68072 0.542838 -3.46011 4.62882
141 0.602111 0.375944 1.51283 -0.733058 0.445662 3.05549 -1.5479 0.529477 -3.41016 4.45469
1017 -0.184815 -0.148098 0.653865 -0.0252545 -0.130701 1.69443 -1.1639 -0.365436 -1.9805 2.82115
971 0.0562158 0.090576 0.43335 -0.382295 0.0362042 1.41355 -0.911875 -0.137471 -1.88046 1.99762
989 0.036651 0.0865281 0.378236 -0.242665 -0.14835 1.22427 -0.984479 -0.0419731 -1.6622 1.78577
811 -0.0923654 0.134445 0.584558 -0.200634 -0.130025 1.31725 -0.571592 -0.203391 -1.32365 1.84631
1075 -0.0282446 -0.298923 0.443241 -0.150596 -0.0103791 1.38793 -1.22035 -0.342867 -2.00544 2.65074
429 -0.0904294 0.200102 0.660431 -0.239173 -0.198866 1.22328 -1.19585 0.0790224 -1.91853 2.57961
309 0.120147 0.112553 0.548567 -0.197858 0.130474 1.95052 -1.43957 0.201277 -2.70092 2.26878
308 0.156163 -0.00754009 0.53622 -0.142202 0.0877123 1.83974 -1.43523 0.200971 -2.67558 2.22466
1080 0.00586088 -0.00544429 0.484694 -0.111968 -0.0144947 1.35697 -1.13805 -0.60366 -2.12766 2.76094
418 -0.0805877 -0.0790941 0.629957 -0.161335 -0.0615765 1.14363 -0.971574 -0.108086 -1.66811 2.07123
635 0.100987 0.039703 0.407474 -0.218518 0.167667 2.08326 -1.22736 -0.0509537 -2.51077 2.02363
624 0.139555 0.115689 0.588159 0.0271807 0.189826 2.27979 -2.19733 -0.0175675 -2.51165 3.77038
874 0.0696925 0.101881 0.478162 -0.00488207 0.244791 1.78711 -1.65804 -0.0992392 -1.97301 3.01238
873 0.0954646 0.110834 0.487937 -0.0234981 0.260661 1.81063 -1.62651 -0.0532448 -1.98858 2.99807
622 0.148333 0.159876 0.584056 0.0433844 0.281917 2.27568 -2.13533 0.0217989 -2.45624 3.76195
1157 -0.280644 -0.000810879 0.679582 -0.31847 -0.278417 1.87265 -0.960316 -0.279015 -1.87791 2.90318
959 0.169622 0.0916407 0.367324 -0.114282 -0.124425 1.60347 -1.14414 -0.475935 -2.02665 2.67302
871 -0.0728393 -0.146518 0.372874 -0.232545 -0.364514 1.49954 -0.876577 -0.136187 -1.41254 2.24474
802 0.184777 0.123189 0.528555 -0.0612759 -0.0961251 1.25354 -1.02546 -0.630573 -1.93542 2.53899
289 0.030262 -0.0174384 0.374962 -0.305463 -0.0482755 1.70748 -1.05079 -0.43082 -2.16134 2.31597
1097 0.0208809 -0.0812031 0.746518 -0.0715323 0.183456 2.05375 -1.44921 -0.504934 -2.4712 2.96
1092 0.0202876 -0.0313278 0.617667 -0.0679124 0.172049 1.8827 -1.29968 -0.431228 -2.25887 2.67806
637 0.118121 0.196191 0.457387 -0.129074 -0.00260316 1.86577 -1.1955 -0.0998668 -2.18726 1.9933
201 0.076585 -0.128921 0.465943 -0.0158274 0.0218809 1.63319 -1.18969 -0.428582 -2.10594 2.42612
922 -0.281761 -0.0626681 0.618658 -0.198039 0.420411 2.12523 -0.791048 -0.267647 -1.91391 2.13939
634 0.0943788 -0.00414103 0.455272 -0.0175496 0.194454 1.36171 -1.105 -0.506048 -1.92236 2.59752
405 0.22 0.0157962 0.563529 -0.503546 -0.121738 1.50767 -1.14943 -0.1167 -2.27125 2.66968
411 0.145304 -0.028704 0.678048 -0.603191 -0.0728779 1.82847 -1.32223 -0.059201 -2.62256 3.05501
412 0.131579 -0.0915566 0.647734 -0.585461 -0.145935 1.61231 -1.20934 -0.0129754 -2.45343 2.84864
451 0.0430341 -0.019458 0.563815 -0.236051 0.0668335 1.61016 -0.98763 -0.436467 -2.15655 2.15885
450 0.00396893 -0.0174149 0.544696 -0.164394 0.119605 1.59118 -1.01277 -0.397931 -2.06464 2.15453
847 -0.14506 0.110822 0.754419 -0.0146789 0.0873326 1.69026 -0.813223 -0.357495 -1.70069 2.33359
390 0.256761 0.127941 0.721449 0.00159646 0.37142 2.47598 -2.28231 0.0441341 -2.75994 4.11619
384 0.184783 0.069979 0.686225 0.00183798 0.329725 2.45267 -2.21062 0.00765804 -2.71646 4.02614
64 -0.400302 0.133638 0.884432 0.0258183 0.19819 1.49214 -1.30263 -0.0905213 -2.03945 2.9291
334 0.150669 0.19417 0.745223 -0.00156436 -0.267291 1.52059 -0.954951 -0.195599 -1.84974 2.0724
257 -0.0776701 0.126903 0.527568 0.0835163 0.22172 1.74765 -1.24785 0.0999175 -1.50631 2.39101
373 -0.0344786 0.0823967 0.630668 -0.255448 0.137329 2.04726 -0.72271 -0.116899 -1.70141 2.28072
757 0.102476 0.104691 0.496192 0.123079 0.249372 1.63336 -1.53947 0.0947889 -1.83048 2.72227
443 -0.00388337 0.155082 0.750963 -0.0854014 0.0535046 1.76362 -0.910846 -0.588977 -2.05052 2.51357
446 -0.0625178 0.0354518 0.530107 -0.271675 0.179645 1.82759 -0.947107 0.0359866 -1.59603 2.48891
928 0.0161041 0.0402318 1.08169 -0.214447 0.189597 2.50289 -1.25213 -0.300491 -2.62849 3.38202
1071 0.102354 -0.0661071 0.321722 -0.242463 0.00240661 1.17255 -1.10654 -0.2948 -1.89128 2.22227
660 0.0858446 -0.147576 0.382855 -0.130991 0.0380331 1.12294 -1.0274 -0.210089 -1.73132 2.19556
449 0.0118779 0.00149573 0.493916 -0.0837848 0.0735752 1.83522 -1.06216 -0.435815 -2.10814 2.3253
611 -0.12373 0.124588 0.302312 -0.607735 0.276402 2.32627 -1.13529 -0.561381 -2.35043 3.08726
778 -0.0512114 -0.196509 0.390439 -0.17939 -0.122751 1.68051 -1.44852 0.0484009 -1.99295 2.77167
534 -0.285659 -0.163288 0.26771 -0.271949 -0.0801368 1.6237 -0.88857 -0.477612 -1.81318 2.28768
1022 0.0866697 0.00118826 0.379738 -0.277297 0.0921914 1.87839 -1.25892 0.126152 -2.36396 2.08222
754 -0.00515893 0.0670593 0.11578 -0.347539 0.480958 1.94069 -1.46126 0.0332772 -2.55537 2.1697
279 0.00078809 0.0920119 0.730395 -0.0113798 -0.145296 1.45993 -0.944816 -0.376165 -1.6424 2.45639
60 0.0708609 0.0560943 0.384451 -0.261229 0.00521243 1.27511 -1.01154 -0.477857 -2.22107 2.45479
1084 0.0351138 0.0905635 0.378673 -0.536418 0.123069 1.6341 -1.04428 -0.435734 -2.48049 2.54507
21 -0.0578957 -0.241038 0.339177 -0.249509 -0.268837 1.76165 -1.27449 -0.035156 -1.93564 2.75763
782 -0.0151344 0.175778 0.225353 -0.143955 -0.0163383 1.31973 -1.0419 -0.418664 -1.60434 2.3081
1060 0.155231 -0.00182013 0.436254 -0.0817377 0.064159 1.31137 -1.10168 -0.448159 -2.11608 2.41247
843 -0.0722629 0.094859 0.711903 -0.0384046 0.0732015 1.74761 -1.28659 0.227094 -2.25705 2.27798
842 -0.0498131 -0.00910074 0.717876 -0.0267934 0.246647 1.9654 -1.42079 0.174168 -2.49402 2.47733
1154 -0.117079 0.166139 0.515122 -0.271844 -0.0340634 1.55938 -0.829026 0.0171797 -1.72363 2.08277
753 -0.107149 0.0455069 0.412179 0.0312575 0.206046 2.53727 -1.76852 -0.201717 -2.72265 2.85681
321 -0.155795 -0.0247213 0.618686 -0.322038 0.364915 2.35322 -1.36901 0.00955456 -2.14956 3.31428
1 -0.175577 -0.0150672 0.510576 -0.114145 0.273953 1.7108 -1.04204 -0.227441 -1.90152 2.55374
274 -0.155832 -0.00198382 0.805333 -0.236291 0.16924 1.48185 -1.25989 0.204127 -1.92179 2.94798
919 -0.160401 -0.228345 0.34693 -0.18056 -0.000405139 1.34397 -1.1953 -0.457253 -1.85132 2.83844
327 0.0150471 -0.123493 0.38575 -0.21052 0.70824 2.33639 -1.76232 -0.174266 -3.00886 2.96201
68 0.251834 0.0497637 1.00476 -0.233493 -0.130408 1.64958 -0.892526 -0.666102 -2.32245 3.07025
65 0.286486 0.0940647 0.9988 -0.202093 -0.0777466 1.56653 -0.874074 -0.682621 -2.37343 2.90682
789 -0.0582844 -0.353825 0.516011 -0.249554 -0.261748 2.0259 -1.45041 0.0686385 -1.83673 3.2331
296 -0.0983751 0.0292956 0.289988 -0.430797 -0.117206 1.35752 -0.843813 -0.172688 -1.82508 2.11292
444 0.0265546 0.216176 0.734245 -0.0756837 -0.0571558 1.82408 -0.943576 -0.591072 -2.05944 2.6253
716 0.121637 0.12043 0.43589 -0.0317419 -0.0906102 1.42249 -1.15037 -0.543419 -1.78491 2.6049
1061 0.158397 -0.0564333 0.456875 0.000883009 -7.13704e-05 1.3078 -1.13263 -0.465936 -2.05084 2.47951
1076 0.0596945 0.123185 0.364578 -0.592156 0.077589 1.70992 -1.01153 -0.410854 -2.48299 2.48769
596 -0.102702 -0.123543 0.70183 -0.193203 0.113286 1.62836 -1.01138 -0.00258783 -1.84287 2.55629
1124 0.00874317 0.252983 0.368913 -0.260936 -0.22745 1.47055 -1.44281 -0.134264 -1.92553 2.88318
744 -0.0230017 -0.182718 0.33408 -0.147646 0.592067 1.99059 -1.55054 -0.158049 -2.56329 2.59631
762 -0.186841 0.0640377 0.254006 -0.0180229 0.33624 2.48215 -1.76586 -0.145648 -2.29706 2.88711
758 -0.259569 -0.0409078 0.272843 -0.0488962 0.409784 2.33559 -1.67151 -0.162779 -2.22192 2.95244
761 -0.210404 0.0397778 0.304998 0.0357763 0.339353 2.392 -1.76059 -0.194434 -2.25012 2.89399
623 0.176648 0.116335 0.608509 -0.0169255 0.221397 2.02381 -1.83182 0.0908473 -2.28848 3.3554
402 -0.03204 -0.152865 0.434314 -0.00829812 0.0238443 0.995162 -0.964892 -0.203515 -1.58326 2.09566
524 0.103189 -0.392655 0.587906 -0.106595 -0.0817963 1.21222 -1.23542 0.294344 -1.719 2.45468
774 -0.0839985 -0.0190997 0.484404 -0.126931 0.186667 1.52904 -1.12307 -0.212642 -2.00646 2.52628
893 -0.0623727 0.0246242 0.620483 -0.298916 0.183558 1.87708 -1.14545 0.00111272 -1.85942 2.75856
322 0.0432777 -0.0221792 0.587958 -0.312245 -0.0503895 1.75016 -1.1665 -0.0871812 -1.97436 2.81852
73 0.0116003 0.0530836 0.688696 -0.204755 0.266707 2.41918 -1.75071 0.126102 -2.35532 3.65227
867 0.0999487 -0.0999288 0.397986 -0.00676748 -0.0896517 1.03888 -1.00936 -0.415524 -1.69647 2.11402
218 0.167616 -0.113925 0.449848 -0.0187671 0.0283945 1.69025 -1.19237 -0.444527 -2.24093 2.36917
990 0.0702394 -0.00902775 0.332116 -0.174468 0.160731 1.18439 -0.920367 -0.259449 -1.75045 2.14005
951 0.0421919 -0.12969 0.32329 -0.446251 -0.0275823 1.44578 -1.02739 -0.416665 -2.07915 2.42495
72 0.278694 0.0492111 0.918246 -0.272797 -0.162742 1.6431 -0.928216 -0.681729 -2.3398 3.12648
572 -0.29138 0.030587 0.542655 -0.172568 -0.182481 1.67903 -0.744506 -0.221604 -1.53024 2.18081
74 0.0998181 0.0881189 0.567059 -0.219598 0.029212 1.71645 -1.30815 0.0168252 -1.96836 2.82057
738 0.06714 0.0556275 0.649119 -0.26403 0.151043 2.03591 -1.39054 0.0401333 -2.09849 3.14606
1094 0.0830479 -0.0990963 0.798558 -0.034475 0.0998546 1.58976 -0.957639 -0.579352 -2.10041 2.54825
1102 0.0724631 0.032239 0.363531 0.0289064 0.152238 0.939341 -0.831498 -0.417466 -1.59582 1.86321
1072 -0.0580281 -0.28506 0.291189 -0.422598 -0.190559 1.64762 -1.03305 -0.35297 -2.15419 2.47295
355 -0.115121 0.00133226 0.656386 -0.3333 0.503177 2.46744 -0.997546 -0.129936 -2.27171 2.49952
353 -0.182612 0.0327997 0.631189 -0.298524 0.535402 2.44008 -1.09227 -0.0439478 -2.24177 2.57837
173 0.0141886 0.106095 0.548441 -0.111122 0.0904787 1.23947 -1.01894 0.195296 -1.95493 1.8292
756 0.127849 0.175918 0.512861 0.153471 0.245394 1.61354 -1.57991 0.0381687 -1.82734 2.74403
633 0.244977 0.0642522 0.620032 0.0300039 -0.0433172 1.35749 -0.922274 -0.320326 -1.83758 1.86992
864 0.100295 -0.0150712 0.451378 -0.350399 -0.155127 1.71523 -1.20419 -0.234175 -2.00723 2.88813
841 0.0135525 0.0206462 0.544728 -0.0391092 0.129276 1.62013 -1.17612 0.0989309 -2.07786 2.07559
862 0.0896677 0.0155538 0.469051 -0.27862 0.0135246 1.5419 -1.15087 0.133513 -2.10848 2.1299
1129 0.0838615 -0.0169757 0.390939 0.0140957 0.0178978 0.946655 -1.01801 -0.361679 -1.82331 2.08286
703 0.115822 -0.0634637 0.39779 -0.056237 0.0102341 0.945906 -0.808001 -0.450717 -1.66114 1.89631
985 0.0522631 -0.0169706 0.805237 -0.402947 -0.0149897 2.17034 -1.21625 -0.0953818 -2.3118 2.97749
509 -0.184919 -0.092151 0.59498 -0.418027 -0.271357 1.9604 -1.07298 -0.127306 -1.89996 2.97994
375 0.209491 -0.001021 0.556008 -0.202237 0.0751248 1.45942 -1.18406 -0.387754 -2.21968 2.79075
374 0.160586 -0.0256815 0.703233 -0.195815 0.25625 1.87742 -1.57093 -0.452942 -2.75486 3.51629
603 0.240465 0.0114827 0.6413 -0.312845 0.218275 1.90441 -1.50184 -0.374535 -2.73273 3.57292
605 0.26089 -0.00799277 0.743479 -0.322617 0.191108 1.90082 -1.48159 -0.427166 -2.72326 3.5499
602 0.257942 0.00830772 0.764578 -0.309373 0.181871 1.88826 -1.47506 -0.424868 -2.73104 3.56397
441 0.0236902 0.0342395 0.496205 -0.0934898 0.110012 1.46529 -1.23283 -0.436585 -2.26744 2.69545
440 0.140308 0.13184 0.409876 0.170122 0.0993938 1.53846 -1.52021 -0.0620577 -1.67303 2.46847
986 0.0794694 -0.0274191 0.817651 -0.360975 -0.0605211 2.20515 -1.23 -0.144447 -2.38991 3.06303
1099 0.0481033 -0.00936729 0.708371 -0.101392 0.201602 2.11586 -1.4726 -0.515816 -2.5752 2.92123
1096 0.107587 -0.0612407 0.738616 -0.098456 0.152422 2.02907 -1.4304 -0.446467 -2.51351 2.89689
510 -0.141936 -0.0755444 0.507303 -0.37451 -0.240556 1.73528 -0.978981 -0.126669 -1.75081 2.67717
