917 2
38 -0.108952 4.17475
54 -0.129133 4.28622
28 -0.0215697 3.94756
41 -0.109075 4.45529
94 -0.181044 4.3912
91 -0.163127 4.49501
285 -0.153317 3.9643
360 -0.132726 4.27813
18 -0.0207434 3.90968
1060 -0.0442267 3.74335
673 -0.115491 3.6448
311 -0.168498 4.26376
181 -0.148277 4.25156
1001 -0.00783877 4.62239
997 -0.0677125 4.80749
422 0.0241021 3.64063
174 0.0973936 3.45239
468 0.0945258 3.54779
204 0.209185 3.60396
120 0.266735 4.61812
792 0.538877 6.08237
801 0.543726 5.93103
794 0.555719 6.1311
795 0.574601 6.06449
804 0.518456 5.9678
807 0.529558 5.97125
797 0.530835 6.0032
810 0.533793 6.03638
800 0.553857 6.08978
805 0.531176 6.1634
793 0.528536 6.09774
809 0.553942 6.23578
806 0.55616 6.08289
796 0.547276 6.01384
803 0.553968 6.08608
866 0.145227 3.76956
865 0.145295 3.69734
137 0.0997178 3.64161
222 0.128177 3.37151
139 0.0934793 3.4577
179 0.0583304 3.54272
515 -0.0539454 3.78991
735 -0.13543 4.06948
78 -0.143207 4.35257
128 -0.164734 4.26836
125 -0.154586 4.51551
34 -0.150647 4.46061
32 -0.123511 4.09845
27 -0.170756 4.4776
200 0.0809014 3.40201
80 -0.117469 3.93483
290 -0.0824082 3.83232
105 -0.0689707 3.65163
101 -0.0549328 3.82817
70 0.0716412 3.55079
271 -0.136727 4.08079
1129 0.0736825 2.91907
702 -0.0524389 3.45381
316 -0.127673 4.14073
84 -0.142164 4.33464
974 -0.116584 4.1247
968 -0.140048 4.18849
265 -0.126129 3.94768
35 -0.205696 4.47766
427 -0.143949 4.19605
42 -0.14555 4.44111
29 -0.160222 4.54625
64 -0.166061 4.1754
57 -0.152281 4.20478
24 -0.130527 4.57304
47 -0.144533 4.45826
37 -0.104247 3.89404
26 -0.139616 4.61778
728 -0.150518 3.82272
36 -0.152848 4.31806
46 -0.178706 4.52203
119 0.0206861 3.47332
124 -0.18553 4.28159
171 -0.0771149 4.18062
414 -0.119988 4.26039
1118 -0.111369 3.74387
1119 -0.0506818 3.84275
771 -0.0650131 4.08073
1117 -0.0906591 3.77051
399 -0.066812 3.88588
87 -0.173926 4.32763
1106 0.106167 3.5655
122 0.0820311 3.61497
934 0.100287 3.63205
935 0.072025 3.63806
146 0.140682 3.65366
229 0.194088 3.87631
234 0.226977 3.83669
462 0.101719 3.44994
104 0.0801076 3.68945
417 -0.0372268 3.68135
908 -0.272974 5.19054
918 -0.283091 5.07154
909 -0.284738 5.08068
901 -0.273165 5.12732
898 -0.332038 5.16851
911 -0.29023 5.25827
912 -0.26955 5.18971
914 -0.289498 5.07738
897 -0.281871 5.01189
916 -0.335906 5.20617
915 -0.305524 5.07228
1113 0.0450244 3.48797
1114 0.0716054 3.81864
7 -0.0233254 3.79984
1112 0.119342 3.88504
820 0.176649 3.63409
11 -0.0397853 3.7836
314 -0.159208 4.37223
313 -0.138745 4.32843
264 0.00233664 3.70235
212 0.0616187 3.42603
764 0.0727676 3.33498
506 0.0542531 3.37908
129 0.159487 3.4133
1032 0.321488 4.17481
1031 0.317824 4.13989
6 0.423429 4.70707
698 0.51416 5.63296
191 0.234442 3.87215
675 0.460047 5.56524
682 0.458826 5.16757
679 0.461487 5.5464
690 0.516551 5.75512
508 0.115398 3.43747
500 0.0782903 3.45999
505 0.155641 3.48037
48 -0.136663 4.39544
44 -0.138377 4.36861
267 -0.0799478 4.08449
126 -0.152423 4.22685
584 -0.168523 4.17883
538 -0.159047 4.7046
262 0.100668 3.49647
504 0.124985 3.88927
193 0.110257 3.53761
199 0.0904565 3.4548
946 0.133827 4.57131
943 0.155487 4.57452
944 0.113762 4.54922
950 0.0405342 4.51269
947 0.121067 4.43545
100 -0.0640773 3.70007
17 -0.15471 4.21595
727 -0.0802721 3.95865
513 -0.118206 3.88064
359 -0.0941014 4.09747
362 -0.148593 4.14016
421 -0.0449072 3.6739
420 -0.0393933 3.60946
409 -0.10733 3.98027
5 -0.0859737 4.14213
722 -0.192094 4.08609
415 -0.147292 4.03266
145 0.153875 3.39716
336 -0.0582913 3.72755
725 -0.153614 4.43871
430 -0.196538 4.59006
731 -0.197721 4.458
363 -0.134526 4.13346
426 -0.0243629 3.58105
253 0.0241839 3.62192
254 0.00735095 3.3501
169 0.164783 3.4842
194 0.0724774 3.4526
1026 0.275708 4.14497
1067 0.16514 4.16869
1065 0.237701 4.17129
1006 -0.0402245 4.75027
1002 -0.0813716 4.88174
1003 -0.0495878 4.78047
995 -0.0260776 4.67419
994 -0.0466689 4.7582
1005 -0.0510159 4.80061
231 0.0927509 3.436
554 -0.0931179 3.67884
998 -0.0578914 4.72702
405 -0.0253343 3.41853
411 -0.15631 4.47803
410 -0.151684 4.33538
25 -0.119964 4.4197
130 -0.125635 4.38799
645 -0.129188 4.00423
520 -0.10633 4.13465
49 -0.215415 4.64126
849 -0.113792 4.30794
846 -0.149982 4.1792
850 -0.146529 4.14517
56 -0.0313368 3.94254
529 -0.185087 4.11374
51 -0.182603 4.44909
537 -0.167517 4.40157
548 0.0577993 3.46432
779 0.127944 3.60792
788 0.0878112 3.58067
423 -0.0425943 3.68126
79 -0.210856 4.16637
98 -0.108484 4.10599
99 -0.18358 4.24509
521 -0.164972 4.39604
97 -0.11846 4.1682
312 -0.155601 4.26898
23 -0.0445605 3.61658
723 -0.144383 4.46044
642 -0.125775 3.89972
400 -0.0228807 3.39022
127 -0.0971476 4.27366
136 -0.156534 4.21056
43 -0.0926713 4.09726
40 -0.129833 3.93554
95 -0.122373 4.08757
89 -0.156313 4.10634
83 -0.201356 4.49062
1121 -0.0576324 3.9234
767 -0.177641 4.43289
527 0.0717818 4.02685
1090 0.0756563 3.72344
143 0.0842127 3.46051
475 0.129095 3.44587
693 0.115234 3.2542
315 -0.178475 4.37409
33 -0.116165 3.9464
261 0.00852058 3.4545
358 -0.129618 4.13978
59 -0.107991 3.74451
1061 -0.0384003 3.6144
460 0.120985 3.57162
586 0.0368518 4.39195
10 0.109859 3.86733
672 -0.12949 3.7378
86 -0.146464 4.40116
82 -0.156178 4.44197
295 -0.134083 3.83898
1019 -0.0734735 3.57311
66 0.0280797 3.60311
478 0.122176 3.39545
480 0.120141 3.41197
564 -0.0516615 3.75668
307 -0.123501 4.37249
403 -0.012253 4.06807
1128 0.0179202 3.54455
278 -0.122762 4.06935
357 -0.14163 4.10426
88 -0.140787 4.01576
528 -0.11911 4.14769
514 -0.144114 4.02333
317 -0.13441 4.27326
732 -0.163921 4.32922
639 -0.175333 4.17421
449 0.0599633 3.56307
447 0.0271151 3.6672
482 0.15186 3.59667
474 0.171439 3.7286
450 -0.0507615 3.50299
451 0.0741077 3.40189
102 0.0978726 3.6414
551 -0.124527 3.84455
205 0.0896967 3.27435
197 0.361537 4.66357
208 0.385056 4.69766
195 0.368616 4.71417
69 0.241486 4.27317
196 0.360078 4.65299
221 0.386952 4.56591
216 0.387202 4.64261
192 0.160622 3.41823
524 0.0184238 2.88749
19 0.0797513 3.54869
151 0.0845526 3.41632
159 0.0805484 3.41981
67 0.0573361 3.56288
198 0.266773 3.81271
210 0.359712 4.58231
189 0.401756 4.9839
190 0.0472626 3.41935
298 -0.0702948 3.78755
260 0.0262159 3.5173
921 -0.330314 5.03328
917 -0.261345 5.02143
903 -0.294658 5.06991
1023 0.289196 4.14262
1037 0.340797 4.20787
891 0.0293994 3.3177
1082 -0.106162 2.78575
549 -0.110546 3.80949
556 -0.0763132 3.86857
736 -0.199044 4.54716
1110 0.120963 3.55188
1109 0.0659694 3.4805
572 -0.0136798 2.87729
1094 0.102697 3.29533
535 -0.12779 4.31895
724 -0.238368 4.5602
133 -0.122108 3.87796
134 -0.136256 3.89983
135 -0.0922628 3.87006
640 -0.191775 4.28534
646 -0.18032 4.1176
273 -0.0934146 5.1323
665 -0.0343338 4.60095
876 -0.0147306 4.67414
875 0.0232254 4.55057
879 -0.053856 4.7208
62 -0.0878768 4.05394
428 -0.116238 3.89774
448 0.0292529 3.67892
1120 -0.0154474 3.92133
183 -0.145258 4.06789
518 -0.176017 4.32578
517 -0.158058 4.09461
283 -0.058413 3.80604
536 -0.135928 4.30822
952 -0.0970517 3.83594
277 -0.120005 4.41112
282 -0.0308489 4.34779
606 -0.00013426 4.63691
612 0.0662578 4.18337
617 -0.0280791 5.21878
610 0.0476062 5.44935
608 -0.00766793 5.49398
609 0.110262 5.60206
780 0.116451 3.57103
789 0.174511 3.6212
203 0.386292 4.68697
214 0.433244 4.75819
209 0.300617 4.25764
202 0.176499 3.44996
211 0.110059 3.42132
341 -0.110752 4.82576
55 -0.182532 4.81946
616 0.106785 4.98355
615 0.0132466 4.99097
611 0.0395025 4.53986
613 0.127508 4.50805
614 0.0435869 5.6031
890 0.0522772 3.31305
30 0.0465993 3.80234
1063 0.217032 4.0952
1066 0.234612 4.25385
116 0.0929095 4.4162
118 0.130192 4.8571
117 0.108516 4.81317
111 0.151921 4.67576
557 -0.112095 3.82524
547 0.0590283 3.35452
604 0.050858 3.23601
20 -0.0276796 3.45963
632 0.0914936 3.55078
1107 0.055181 3.47635
175 0.127192 3.54434
294 0.0171405 3.42214
636 -0.0284514 3.08829
1132 -0.0920431 3.94517
1131 -0.0809346 3.59205
161 0.136592 3.45494
142 0.122395 3.45279
991 -0.0701759 3.93028
634 0.024126 3.41215
781 0.119562 3.63886
512 -0.114089 3.88812
962 -0.0561783 3.82386
502 0.0992124 3.46263
1025 0.327923 4.09732
607 0.228589 3.89838
1029 0.254506 4.15232
477 0.0471125 3.46506
473 0.200276 3.70354
487 0.188791 3.74321
485 0.14672 3.51382
481 0.158195 3.61197
479 0.132433 3.43918
1086 0.106844 3.78317
1088 0.0820516 3.72209
598 0.0650687 3.5215
352 0.12366 3.82922
148 0.104831 3.518
953 -0.177088 4.34532
257 0.159916 3.51964
503 0.143361 3.44863
808 0.55316 6.05361
798 0.534066 6.05457
601 0.0420867 3.38953
600 0.113116 3.42065
123 0.103907 3.47527
1042 0.105068 3.12463
230 0.235387 3.84193
1045 0.307031 4.44201
1047 0.343513 4.53629
1055 0.356112 4.3986
232 0.228484 3.83911
1053 0.309618 4.48771
9 -0.114804 4.255
533 -0.170258 4.64285
4 -0.142179 4.08928
2 -0.132184 4.03963
937 0.0857599 3.60828
868 0.152435 3.73519
1085 0.077965 3.67612
940 0.105579 4.4972
269 0.0448244 4.30436
761 0.0769488 3.88675
758 0.0728343 3.86907
762 0.0634176 3.91958
1028 0.336836 4.20981
1038 0.303872 4.22349
1033 0.336488 4.14556
1036 0.344351 4.12305
1027 0.322036 4.09366
1041 0.327027 4.15954
233 0.2553 3.87458
1035 0.330863 4.21596
1024 0.29379 4.09882
753 0.0520682 4.22162
163 0.138225 3.40198
1000 0.0067821 3.78734
999 0.0771259 3.74455
1007 -0.00247652 3.76564
776 -0.033462 3.82429
936 0.104879 3.65911
566 0.0620805 3.73344
977 0.144986 3.65069
286 -0.0650946 3.59876
588 -0.0727768 3.44905
589 -0.102034 4.07419
988 -0.151624 4.22687
704 -0.077591 3.31399
885 0.0880877 3.9318
361 -0.154569 4.15626
31 -0.137233 4.32589
965 -0.0893529 3.88672
546 -0.119165 3.81619
726 -0.232186 4.61433
522 -0.0397246 3.25987
545 -0.083789 4.45019
543 -0.155867 4.53163
1146 -0.123949 4.05871
12 -0.056928 3.37672
81 -0.101119 3.96591
96 -0.10412 4.06388
280 -0.0774346 3.75961
452 0.0617197 2.88459
370 0.114027 3.41578
1078 0.120209 3.30759
454 0.161914 5.19499
456 0.230563 5.30832
458 0.131625 5.18392
453 0.102902 5.16578
459 0.227488 5.23179
768 -0.0607724 4.71008
641 -0.190407 4.29749
904 -0.0215909 3.65887
323 0.0773475 4.53811
1104 0.101388 4.01108
488 0.206525 3.60232
476 0.20485 3.58823
472 0.175755 3.7601
471 0.168667 3.6601
490 0.148089 3.57334
687 0.417874 4.68998
697 0.480057 5.56248
701 0.550505 5.8635
674 0.507394 5.7617
686 0.535972 5.72473
699 0.49432 5.55165
684 0.507414 5.62669
677 0.547914 5.80084
683 0.453909 5.42159
729 -0.2146 4.30647
1050 0.343702 4.38417
1058 0.327028 4.35673
1051 0.30652 4.42275
1046 0.310227 4.46826
1049 0.375566 4.44067
1057 0.344904 4.48319
1044 0.330818 4.4265
446 0.079464 3.80444
694 0.484448 5.45744
696 0.517259 5.86236
676 0.507079 5.75043
1064 0.304922 4.20703
1030 0.305549 4.17799
1048 0.357058 4.35677
972 -0.0187993 3.43469
419 0.035167 3.49781
783 0.0432627 4.06014
775 0.0196332 3.94275
558 -0.0635375 3.7319
162 0.201142 3.44774
881 0.236716 4.06306
882 0.221292 4.12199
678 0.499089 5.63396
695 0.475966 5.50789
691 0.505699 5.55591
681 0.492692 5.27348
470 0.144301 3.77869
1108 0.0954682 3.50779
345 -0.184816 4.85456
150 0.109734 3.40275
144 0.100774 3.4282
553 -0.0839761 3.41055
461 0.0701088 3.42658
489 0.153547 3.43994
407 -0.100641 4.07803
970 -0.118326 3.69348
813 -0.0805779 3.36084
1052 0.282384 4.3297
424 0.0836108 3.35326
942 0.0853734 4.49527
550 -0.105675 3.89546
292 -0.117753 4.22933
297 -0.090742 4.0843
523 0.014592 3.8614
530 0.116671 3.96331
835 -0.0624025 3.54485
331 -0.0534512 4.78748
902 -0.154603 4.65717
899 -0.195346 4.76675
242 0.0778933 3.07461
784 -0.00287411 4.26385
787 0.0028008 4.36187
777 -0.0354109 4.0844
75 -0.14543 3.81722
85 -0.136953 4.38401
321 -0.00326098 5.48479
738 0.0961181 5.47389
893 0.0402569 4.32248
1 0.0465072 4.18317
928 0.135871 4.75227
929 0.137379 4.88672
925 0.127251 4.88769
923 0.129179 4.87505
926 0.123324 4.88839
248 0.0762763 3.24316
247 0.102969 4.2547
819 0.17679 3.64829
814 0.162524 3.66665
816 0.176503 3.62345
822 0.151838 3.69966
817 0.162123 3.66547
824 0.192607 3.70255
1087 0.102565 3.66549
1004 0.022897 3.46469
1008 0.0844449 3.55294
215 0.39896 4.82146
217 0.428943 4.78725
772 -0.066584 3.58767
276 -0.172167 4.65021
349 -0.162092 4.87982
996 -0.0239822 4.64671
1009 0.0633909 3.82215
486 0.140577 3.68471
1154 -0.083269 3.26869
63 -0.146273 3.94433
1059 0.33141 4.50126
1054 0.336289 4.42192
1039 0.313833 4.13335
1034 0.326895 4.12378
933 0.128347 3.64308
1089 0.0893187 3.72359
1040 0.316774 4.11972
685 0.541956 5.92283
692 0.522117 5.68242
689 0.542643 5.84391
680 0.486325 5.584
966 -0.0968373 3.43631
963 -0.12371 4.0379
733 -0.208284 4.53055
851 -0.0675765 3.80776
815 0.178706 3.6182
432 -0.0788928 3.49973
138 -0.0722204 3.97522
1126 -0.0379927 3.76583
785 0.117347 3.48997
8 0.010532 3.87668
688 0.497746 5.55963
178 0.170177 4.04442
880 0.154233 4.00463
140 0.476716 5.28589
973 0.0152425 3.63836
1097 0.110199 4.45093
948 0.10067 3.36632
491 -0.0259619 3.40859
907 -0.0422548 4.35208
896 -0.0352551 4.13252
207 0.421125 4.81293
206 0.373325 4.62678
870 -0.0367883 3.78303
1123 0.0677632 3.99221
1124 0.0828494 4.08165
1070 -0.0329071 3.52817
1147 -0.111442 3.97477
774 0.0324901 3.74311
845 -0.085835 3.38171
429 -0.146373 3.97683
58 -0.129958 4.02318
77 -0.0527702 3.58888
346 -0.115245 4.55641
3 -0.117189 4.10289
842 -0.176909 4.78284
841 -0.108285 4.25446
172 -0.0760397 3.67873
843 -0.111942 4.0494
173 -0.0723398 3.11561
259 -0.145103 4.1669
263 -0.165974 4.20997
583 -0.12831 3.71365
1156 0.00557137 3.47994
16 -0.174147 4.29156
1073 -0.0373986 3.59088
93 -0.155781 4.17122
594 -0.160673 4.47644
938 0.116068 3.69283
13 0.0830647 4.4244
22 -0.0101732 4.0113
1056 0.322984 4.426
507 0.114932 3.40713
219 0.332218 4.24609
660 -0.0343031 2.59115
552 -0.0940507 3.89178
1148 -0.151843 4.05382
992 -0.095987 3.73996
671 -0.147037 4.11215
734 -0.217765 4.59872
132 -0.0912758 3.97867
103 -0.101414 3.8496
412 -0.108574 4.28256
516 -0.127869 3.92757
182 -0.121249 3.72848
15 -0.0772896 4.13436
309 -0.141821 3.92377
337 -0.0302408 3.69007
157 0.615353 6.64117
166 0.57856 6.35654
152 0.561486 6.30325
168 0.619928 6.41923
165 0.612439 6.56358
164 0.475106 5.59893
147 0.610728 6.534
167 0.618396 6.51643
149 0.570787 6.58784
153 0.62836 6.57545
154 0.607418 6.43466
160 0.637417 6.65136
177 0.222323 4.11023
170 -0.0884734 4.31871
591 -0.083213 4.27307
213 0.351497 4.79985
220 0.435804 4.87543
201 0.00300659 3.40379
791 0.585773 6.05816
869 0.226481 3.68018
484 0.210583 3.74271
964 -0.102891 3.85374
967 0.044878 3.23621
919 -0.00335988 3.59194
404 -0.140867 4.0602
406 -0.143984 4.17096
425 0.00368484 3.46315
786 0.09187 3.67038
342 -0.127105 4.69639
344 -0.145536 4.61037
1074 -0.000805715 3.61129
927 0.0572174 3.72311
112 0.0846626 4.84717
113 0.11224 4.84728
565 -0.0296478 3.62242
296 -0.0612135 2.7704
700 0.485279 5.49928
443 0.141992 3.5502
444 0.124029 3.52703
887 0.0807755 3.93411
888 0.0920122 3.89439
348 -0.158055 4.51918
975 0.117834 3.85102
821 0.173827 3.60773
825 0.187516 3.66126
823 0.164787 3.69335
703 -0.0124786 2.85471
52 -0.0791362 3.8713
596 0.0374306 4.15422
61 0.0516871 4.22955
255 0.0042499 3.53914
782 0.07786 3.01276
293 -0.121918 4.00674
749 0.0649682 4.20684
751 0.0606372 4.23324
752 0.0776601 4.16689
637 0.0240527 3.36063
635 -0.0552387 3.69854
1022 -0.0655643 3.76565
525 -0.16102 4.21734
568 0.0643151 3.77935
716 0.0554326 3.13239
526 -0.161063 3.71368
1077 -0.156211 3.96548
289 -0.0975621 3.2768
408 -0.0737255 3.63689
413 -0.0481935 3.662
416 -0.030468 3.76282
848 -0.129135 4.11784
799 -0.0325162 3.11823
555 -0.102377 3.68552
279 0.0935119 3.22735
1096 0.101019 4.63509
1099 0.138418 4.87979
1092 0.14344 4.05225
483 0.203044 3.71659
599 0.0584437 3.52554
115 0.0733201 4.83423
114 0.113549 4.91769
802 0.133538 3.16221
906 -0.0500381 4.51194
905 -0.00547303 3.44321
532 -0.0589092 3.79391
402 0.0100148 2.89272
900 -0.178033 4.70215
90 -0.101885 3.84864
827 -0.0650583 3.10463
878 -0.000602552 4.63049
329 -0.0349211 4.91949
330 -0.099733 5.05768
624 0.215342 5.03763
621 0.262413 5.51426
619 0.238659 5.1838
245 0.280817 5.54958
874 0.209926 5.25958
873 0.18964 4.93416
1103 0.108557 3.96782
353 0.0547207 4.76293
355 0.0172702 4.94406
350 0.0666724 4.72732
939 0.0530668 2.70478
920 0.0324918 3.24803
570 -0.0170163 3.99365
818 0.182194 3.60661
343 0.0521121 2.62591
1157 0.00368099 3.47149
884 0.094382 3.8283
180 0.247618 4.17298
455 0.167659 5.26193
746 -0.0940249 4.31114
539 -0.12963 4.51517
847 0.0817962 3.67895
844 0.0373775 3.80974
284 -0.0462221 4.18255
1081 -0.0628562 3.40265
960 0.0365192 3.26518
877 -0.0555465 4.73566
1149 -0.115617 3.89731
176 0.289064 3.99691
1068 0.256321 4.33937
92 0.0795735 3.33365
270 -0.133668 3.95828
1076 -0.129462 3.75534
1084 -0.137723 3.75735
773 -0.107675 3.87374
338 -0.0110522 3.33413
218 -0.0051161 3.33824
969 -0.0922487 3.89095
811 0.0366689 3.16209
765 0.0531334 3.32408
886 0.107885 3.81291
155 0.575832 6.406
156 0.604936 6.50415
158 0.599425 6.27588
141 0.591637 6.43486
766 0.0269502 2.871
754 -0.0861903 4.07694
755 -0.11154 4.17786
327 -0.102401 4.93134
328 -0.0736258 4.91927
322 0.0451864 4.17359
73 0.142676 6.16705
74 0.137875 4.74247
759 0.0877389 4.25101
1116 0.0729182 3.74855
826 0.167958 3.6453
1083 -0.00476997 3.34021
778 -0.02048 3.68462
241 -0.100136 3.63204
21 -0.0263194 3.47304
1079 0.115903 3.39089
39 0.0433918 4.25826
633 0.0567247 3.12879
53 -0.1042 3.20807
287 -0.102168 4.18806
622 0.21773 5.12005
971 -0.0768532 3.30329
648 -0.10931 3.98057
653 -0.0741182 3.84449
250 0.0225766 3.47679
249 0.0182582 3.26523
742 -0.0186302 3.62318
1105 -0.129473 3.98867
394 0.261627 5.88229
397 0.287868 5.66774
386 0.278323 5.82426
383 0.357406 5.73393
398 0.33817 5.83806
385 0.270303 5.90628
387 0.243908 5.87433
832 -0.111146 3.6562
542 -0.123402 4.59005
544 -0.12559 4.54974
540 -0.0894545 4.4767
730 -0.217458 4.53834
581 0.0931846 2.71522
291 -0.045648 3.68535
587 -0.115651 4.39453
590 -0.109334 4.43602
1018 -0.00280333 3.71497
984 0.117014 4.80273
1115 0.0932774 3.94422
959 0.0347934 3.23647
431 -0.161387 4.07592
757 0.235846 4.0216
961 -0.0986997 3.55237
1015 0.0561918 3.70609
375 0.0493163 4.09782
374 0.0480807 5.39845
602 0.0928105 5.51917
603 0.0680251 5.45246
605 0.100727 5.56139
441 0.0205963 3.66603
922 0.0852319 3.73422
1075 -0.0848628 3.60622
955 -0.167011 4.15121
541 -0.065077 3.95105
1017 0.0341905 3.64366
559 0.0226885 3.62694
864 0.0877772 3.73377
469 0.24142 3.4773
643 -0.121916 4.05374
1016 -0.120825 3.13083
834 -0.0937416 3.47984
828 -0.0277985 3.0195
987 0.0950388 4.03973
986 0.146479 4.77448
60 -0.0867447 3.48831
373 0.0800302 3.48902
941 -0.0225784 4.03371
748 0.0342235 4.14275
750 0.0349055 4.19845
326 -0.0792939 4.91947
1069 -0.118192 3.69718
770 -0.118806 4.81218
949 0.0171554 3.98112
76 -0.069479 3.64321
50 -0.0355131 4.54778
769 -0.0976907 4.65681
266 -0.116866 3.83749
1021 -0.0517844 3.59087
862 -0.0124128 3.48231
924 0.147188 4.87925
395 0.287393 5.89517
569 -0.0752531 3.90994
592 0.0491021 3.52263
347 -0.104149 3.37306
1102 -0.066687 2.94439
1127 -0.0272687 3.90507
871 0.129174 2.94647
384 0.223596 5.88671
390 0.272297 5.96925
623 0.215323 5.108
308 -0.100847 3.91087
457 0.126687 5.26116
1020 -0.0255021 2.9513
288 -0.10288 4.11298
595 0.0193703 3.52201
945 0.0838563 4.31658
252 -0.062912 3.35754
274 -0.0853851 4.10789
644 -0.0658555 3.51764
299 -0.0777716 3.54425
951 -0.130046 3.60102
863 -0.090032 3.28875
334 0.0843789 2.85213
585 -0.0183429 3.51026
626 0.0557452 3.94629
625 0.0387476 3.94934
910 -0.0356518 3.55471
913 0.0343152 3.50895
1071 -0.0353071 3.35426
121 0.0942618 3.39783
560 0.1109 3.43964
509 -0.0118199 3.59726
275 -0.0629975 3.2866
954 -0.126187 3.86521
593 -0.0798959 3.11433
743 -0.046786 3.87345
745 -0.0705638 4.29076
756 0.270386 3.99775
440 0.201797 3.2348
251 0.0407482 2.99137
867 -0.0352808 2.69682
1072 -0.0474547 3.14551
989 -0.10324 3.08615
836 -0.0165214 3.90632
65 0.14158 4.34224
68 0.125847 4.27913
744 -0.0744589 3.9728
837 -0.0565006 3.912
1080 -0.0127222 3.38127
829 0.234179 3.23329
985 0.153429 4.80805
418 -0.0576372 2.92309
534 -0.0578449 2.85117
72 0.141822 4.24041
401 0.270231 3.15037
790 0.147579 3.00437
510 0.0309842 3.39759
990 -0.0086219 3.78866
