917 2
569 -0.107723 -6.36692
566 -0.166551 -7.55473
5 0.0194143 -8.30065
171 0.0526289 -8.66845
543 0.0202208 -8.24986
35 0.0614564 -9.00086
95 -0.0747737 -8.25412
17 0.00430783 -8.93648
1074 -0.0984644 -6.85268
200 -0.0691474 -8.661
102 -0.0423099 -9.1066
7 -0.0722217 -9.14764
67 -0.171697 -8.83618
56 -0.0332189 -8.09008
283 -0.00536528 -6.94425
8 -0.0752696 -8.09985
25 0.0777236 -9.23058
773 -0.0454689 -7.3401
119 -0.235366 -9.22648
48 0.0343323 -9.20241
476 -0.255569 -8.03106
473 -0.350935 -8.06481
474 -0.323316 -8.09176
481 -0.316235 -8.06948
471 -0.165843 -7.89138
488 -0.119838 -7.99817
472 -0.336012 -8.15349
486 -0.322528 -7.93912
490 -0.13256 -8.20318
470 -0.294952 -8.03001
485 -0.211856 -8.1675
484 -0.21026 -8.04637
487 -0.316519 -7.99091
483 -0.125307 -8.04942
66 -0.0286475 -8.74399
962 -0.116793 -7.84064
41 -0.00382089 -9.24754
767 -0.00914949 -7.58516
769 -0.00471649 -7.02112
768 -0.091362 -6.98688
533 -0.0537808 -7.85697
331 0.022494 -8.82489
330 -0.0636896 -7.55976
328 -0.0667882 -7.63996
327 0.00812847 -7.68212
329 -0.0780619 -7.47412
326 0.0258883 -7.6356
273 0.0874936 -9.01653
23 -0.0340132 -9.02745
30 -0.00584842 -9.30647
506 -0.154993 -7.87802
179 -0.13038 -8.83402
194 -0.0199075 -8.49929
1079 -0.168914 -7.39994
468 -0.0560456 -8.65347
507 -0.080805 -7.68047
18 -0.111242 -10.0082
254 -0.0968486 -6.23602
877 -0.0566166 -7.46402
879 -0.0737753 -7.58431
267 -0.188906 -8.41191
286 -0.0863578 -7.70586
98 -0.0104729 -8.48501
640 0.0219662 -7.66365
646 -0.0058924 -7.84297
643 0.0209017 -6.87215
46 -0.0273818 -8.89433
87 -0.0146919 -8.84628
51 -0.0301119 -8.07294
27 0.00769294 -9.02295
37 0.00920025 -7.59684
431 0.0139244 -6.67205
83 -0.0797701 -8.2427
317 -0.0494604 -7.94065
316 0.00891478 -8.46663
360 -0.0858741 -8.29071
1107 -0.10415 -7.56952
632 -0.196188 -7.63511
1108 -0.252278 -7.58761
126 0.000997208 -8.63468
137 -0.278594 -9.40468
78 -0.0309813 -9.23081
79 0.0048176 -8.24984
85 -0.0196612 -7.62431
81 -0.0875836 -7.99661
82 -0.0261983 -7.7194
988 -0.0928454 -7.25853
93 0.0224918 -7.74941
538 0.0716681 -8.3318
409 -0.0758125 -8.33072
645 0.0653573 -7.26704
518 0.0012018 -8.01618
430 0.0189062 -8.53051
723 0.0229549 -7.89367
732 -0.0218627 -7.79058
725 -0.0363393 -7.72689
584 -0.00508946 -8.09491
427 0.0675866 -7.99804
172 -0.123339 -6.62336
170 -0.0902976 -8.08753
307 -0.0445597 -7.94767
589 -0.104061 -7.65744
600 -0.144393 -6.80334
1009 -0.177224 -7.36828
995 0.00560391 -8.44994
996 -0.0700145 -8.37918
997 -0.135131 -8.11243
994 0.00829127 -7.9332
998 -0.0671373 -8.07318
1003 -0.035559 -8.13329
1007 -0.0916439 -7.44165
1000 -0.0880634 -7.36163
558 -0.00603846 -6.92557
290 -0.0873454 -7.67962
97 -0.102543 -8.68866
298 -0.0242919 -8.44535
294 -0.072425 -7.96822
174 -0.014403 -9.08702
212 -0.179299 -8.58849
129 -0.121679 -9.18852
230 -0.133299 -7.16463
146 -0.0818574 -9.30613
444 -0.169563 -5.37608
10 -0.0861328 -9.40744
139 -0.104668 -8.22004
422 -0.0717295 -7.80963
425 -0.10169 -7.15032
363 0.00493364 -8.57269
358 -0.0605836 -7.86422
359 0.0452885 -8.52295
278 -0.0252361 -8.57314
426 -0.0994936 -7.61513
181 -0.0926014 -8.89608
514 -0.108351 -7.61888
515 -0.0460956 -8.24025
521 0.079669 -8.19937
635 -0.0539227 -6.7885
163 -0.194772 -8.00497
161 -0.228329 -8.13301
159 -0.157506 -8.04587
142 -0.199502 -8.32067
148 -0.000522145 -8.3714
70 -0.220848 -8.8316
525 -0.106413 -7.53041
49 0.0274505 -8.75786
34 0.0377502 -8.992
955 0.0302639 -7.1919
86 -0.0593819 -8.8677
971 -0.0341188 -3.87243
588 -0.0768699 -7.3311
1118 -0.0632936 -7.48731
151 -0.14359 -8.13849
780 -0.080943 -7.61041
19 -0.103353 -8.49843
105 -0.0282039 -8.15816
293 -0.147098 -7.13031
101 -0.122427 -8.31274
9 -0.0906539 -8.54284
1105 -0.0667069 -6.14286
28 -0.0128662 -9.42235
403 0.0223536 -8.00613
416 -0.0897115 -6.5539
408 -0.0986233 -6.46636
933 -0.131175 -7.3425
934 -0.159898 -7.44352
104 -0.107425 -9.21417
231 -0.174004 -8.09857
1042 -0.193252 -5.78963
44 -0.101612 -8.40598
259 0.0230818 -6.82454
94 -0.00366524 -7.62981
1077 -0.0695773 -6.38931
528 -0.0433672 -8.14219
733 0.0467634 -7.72075
124 0.0123964 -8.57307
133 -0.0641952 -5.98676
127 -0.151018 -6.90317
128 -0.0378511 -8.3999
125 -0.0892291 -8.18892
134 -0.0703086 -6.92017
132 -0.0532179 -6.90683
554 -0.121581 -7.21238
271 -0.173331 -8.58873
100 -0.145158 -8.30716
417 -0.0111209 -7.95647
341 -0.228072 -7.96863
344 -0.107825 -7.53265
728 -0.0981765 -6.57514
727 0.0466983 -7.94694
869 -0.274447 -6.86215
866 -0.189861 -6.76991
865 -0.206696 -6.86955
868 -0.221209 -7.00272
776 -0.154585 -6.48743
1 -0.0326801 -7.14077
150 -0.0174595 -8.15935
520 0.0567996 -7.59841
190 -0.131597 -8.27386
736 0.0310685 -7.76269
771 -0.00715029 -8.19963
551 0.0674192 -8.27666
969 0.0705188 -7.00038
970 -0.0449754 -6.38178
199 -0.0190385 -8.76216
222 -0.173955 -8.0213
788 -0.0853582 -7.64994
779 -0.212961 -7.33664
786 -0.256895 -6.77451
130 -0.00412012 -8.5668
729 -0.00553673 -8.00148
726 -0.0476653 -7.86967
552 -0.00361376 -7.08469
103 0.00203869 -7.20223
734 0.0718003 -7.91183
731 0.0448742 -7.89197
26 0.0440238 -9.36868
1027 -0.321656 -8.76551
798 -0.330469 -8.85603
794 -0.31881 -8.84022
805 -0.235137 -8.80414
791 -0.279964 -8.6931
810 -0.247905 -8.7728
808 -0.341445 -8.77909
806 -0.383601 -8.76364
797 -0.351758 -8.89276
793 -0.33409 -8.90728
809 -0.356248 -8.79092
807 -0.29519 -8.83645
792 -0.307802 -8.79951
801 -0.305413 -8.8393
795 -0.338249 -8.79234
120 -0.168995 -9.41446
386 -0.101862 -8.56173
395 -0.0691011 -8.6163
384 -0.132389 -8.13541
390 -0.0301967 -8.6512
803 -0.342045 -8.67469
800 -0.319407 -8.6647
796 -0.286792 -8.69465
804 -0.283789 -8.79247
193 -0.0455356 -9.00852
1057 -0.035189 -8.34898
262 0.0755456 -8.34635
1019 -0.0643073 -7.23783
123 -0.0782437 -8.508
1109 -0.0186288 -7.73636
460 -0.125537 -7.77777
402 -0.0406318 -4.01104
920 -0.263081 -6.14279
919 -0.178077 -6.44878
250 -0.0603384 -6.27368
424 -0.0811266 -7.21547
1044 -0.0614862 -8.11304
232 -0.0841475 -8.37545
1056 0.0136791 -8.33496
1059 -0.0454932 -8.11992
1054 -0.0835963 -8.23557
1053 -0.0175154 -8.23692
1058 -0.0699062 -8.33112
1045 -0.0405527 -8.27333
1050 -0.0509687 -8.31759
229 -0.162928 -7.22607
634 -0.111048 -4.99537
913 -0.211516 -5.18553
80 0.122151 -8.175
313 0.0637888 -8.38982
673 0.0197057 -6.80925
312 0.0622305 -8.01928
890 -0.152575 -6.577
764 -0.0895803 -7.85336
1049 -0.0434884 -8.36739
1055 -0.0389227 -8.20835
122 -0.120853 -9.02873
469 -0.28565 -4.82916
204 -0.28351 -8.56596
175 -0.179781 -8.88226
675 -0.273244 -8.96361
694 -0.30123 -9.07386
691 -0.264283 -8.9923
701 -0.284212 -8.83367
699 -0.27835 -9.10914
678 -0.281418 -8.9034
689 -0.399174 -8.91695
690 -0.292343 -8.98233
684 -0.270922 -9.08247
696 -0.289794 -8.90587
674 -0.246144 -8.82163
685 -0.32663 -8.96064
688 -0.334615 -9.05831
687 -0.311413 -8.09847
679 -0.252209 -9.15915
692 -0.361721 -8.90251
700 -0.389984 -9.08455
697 -0.328943 -9.16041
677 -0.277762 -9.00857
683 -0.333284 -9.02033
695 -0.403261 -8.8578
680 -0.270022 -9.14918
682 -0.287009 -8.7729
686 -0.297379 -9.08709
6 -0.301352 -9.51868
607 -0.182343 -8.69619
612 -0.175078 -7.10535
1032 -0.176476 -8.68579
1028 -0.193754 -8.65053
1030 -0.170598 -8.5402
1035 -0.250239 -8.67759
1024 -0.277052 -8.83182
1031 -0.250909 -8.67152
76 -0.187373 -6.14326
875 -0.0690604 -7.41264
876 0.0457378 -7.6397
972 -0.0445119 -6.70301
693 -0.272683 -6.99233
404 -0.0274672 -7.19555
415 -0.0816017 -7.46349
414 0.0188224 -8.30896
89 -0.136934 -7.70499
136 0.0210844 -6.57161
29 -0.0262262 -8.43938
848 -0.00640583 -6.87206
536 -0.00145558 -7.50831
850 -0.109263 -6.21755
849 -0.147932 -7.0914
846 -0.195207 -5.90841
54 -0.0449795 -7.93272
36 0.0247641 -7.9544
47 0.0153513 -8.41387
844 -0.0725049 -6.86442
477 -0.13853 -8.06548
1092 -0.191748 -5.78905
489 -0.163184 -7.93677
1119 -0.135237 -7.69955
1117 -0.0398716 -7.48388
43 -0.0632151 -8.41696
448 -0.20055 -6.59825
400 -0.108342 -6.19883
968 -0.0619287 -6.60772
234 -0.117859 -7.17865
260 -0.13502 -8.19481
502 -0.147304 -7.74071
724 -0.0414284 -7.96126
315 -0.104381 -7.83566
672 -0.037792 -7.61799
394 -0.148531 -8.48542
398 -0.083724 -8.60873
387 -0.0615452 -8.64091
397 -0.0944741 -8.56715
1004 -0.220614 -7.3635
826 -0.179564 -7.82618
823 -0.145507 -8.00977
822 -0.200182 -7.93748
815 -0.152327 -8.00722
825 -0.273658 -8.08499
821 -0.231864 -7.99944
816 -0.112604 -8.14649
557 -0.0992368 -7.17157
785 -0.107609 -7.45303
547 -0.171972 -7.40537
428 -0.141448 -6.88359
62 -0.0935683 -7.26285
31 0.00294425 -8.2731
863 -0.101496 -5.34838
32 -0.0602409 -8.01806
42 -0.0107816 -8.16422
1120 -0.0948018 -7.57208
598 -0.205621 -7.02804
1154 -0.116843 -5.44616
896 -0.123802 -6.68549
907 -0.106356 -7.26911
902 -0.0613945 -7.85258
906 -0.102914 -7.31307
900 -0.0743029 -7.77719
899 -0.185669 -7.77677
908 -0.0445282 -8.63805
918 -0.176371 -8.19474
909 -0.0217638 -8.18649
911 -0.0310207 -8.40073
898 -0.118073 -8.23216
901 -0.0363219 -8.52508
914 -0.0866769 -8.25144
912 -0.0474059 -8.34218
921 -0.13322 -8.36102
1106 -0.040053 -7.67872
461 -0.142863 -7.37929
370 -0.123175 -7.54202
143 -0.163034 -8.73321
548 -0.159598 -8.32395
819 -0.156422 -7.97893
314 0.0334807 -7.8232
11 -0.0020143 -8.29978
541 -0.104064 -6.64935
862 -0.13448 -4.95139
1021 -0.137241 -5.53518
927 -0.0114316 -5.35156
572 -0.0555527 -4.27699
475 -0.159611 -8.056
458 -0.0519348 -7.91691
1094 -0.200965 -6.49461
750 -0.16565 -7.54073
753 -0.201631 -7.55934
586 -0.181507 -8.46762
269 -0.214629 -8.64252
758 -0.218702 -6.80524
762 -0.106146 -6.8823
748 -0.14909 -7.57251
751 -0.118081 -7.56252
749 -0.176896 -7.70401
752 -0.108981 -7.46264
220 0.158138 -8.35362
208 0.103593 -8.48247
217 0.102734 -8.60807
198 0.0132992 -8.25857
195 0.147769 -8.40395
221 0.129184 -8.50176
69 0.164063 -8.42056
207 0.117162 -8.41884
216 0.0849423 -8.62184
203 0.124199 -8.49585
197 0.169022 -8.60253
209 0.0947631 -8.38454
192 0.0570973 -8.32621
219 0.181559 -8.49044
189 0.101749 -8.34019
210 0.103298 -8.56293
1112 -0.0813075 -7.00303
1115 -0.112431 -6.77092
1116 -0.119594 -6.41771
1033 -0.186688 -8.50158
1008 -0.18362 -7.36055
1086 -0.144219 -7.40732
585 -0.0951714 -6.11601
1001 -0.059504 -8.06674
1005 -0.0679503 -7.9902
1002 -0.103237 -8.0063
1006 -0.144461 -8.08321
24 0.0391761 -8.26828
644 -0.0766688 -5.37664
880 -0.264337 -6.45824
1037 -0.355397 -8.70257
1038 -0.291128 -8.71026
1040 -0.177581 -8.56213
977 -0.121872 -7.75568
1103 -0.237365 -6.49878
323 -0.181922 -8.19257
922 -0.14571 -5.33584
116 -0.137782 -8.62759
373 -0.233621 -5.79209
940 -0.0728783 -8.18046
943 -0.0831827 -7.89053
944 -0.164791 -7.96429
505 -0.0595183 -7.70497
622 -0.217634 -7.28515
480 -0.127697 -7.75033
871 -0.159772 -3.83837
255 -0.167818 -7.23469
1128 -0.113504 -5.09366
564 -0.0362184 -6.66153
99 -0.0859307 -7.27552
917 -0.0640719 -8.27575
346 -0.20145 -7.73841
961 -0.0796806 -6.49817
513 0.0158789 -7.57542
722 -0.0584023 -7.31406
183 0.0380265 -7.81395
362 -0.136044 -7.62285
16 -0.0642737 -7.51152
1073 -0.161459 -5.96978
15 0.0332749 -6.78427
182 -0.0266142 -5.31908
96 -0.0298847 -7.57196
537 -0.0773425 -7.59685
1147 -0.0454492 -7.31413
58 -0.126009 -6.62635
347 -0.0872029 -4.31079
291 -0.151211 -7.40879
671 -0.0751554 -7.46922
266 -0.185681 -6.00981
512 -0.0288404 -7.98825
138 -0.137127 -7.89066
837 -0.0845631 -5.03871
836 -0.176229 -5.14834
516 -0.0402403 -7.53046
524 -0.036599 -5.04
735 0.0149468 -7.19141
550 0.0244416 -7.18253
292 -0.0158174 -7.33072
1034 -0.154213 -8.8156
1026 -0.329715 -8.65941
1025 -0.13142 -8.80106
954 -0.0336101 -6.3344
63 -0.0309035 -6.58909
429 -0.0595632 -5.91515
681 -0.170208 -8.8109
953 -0.0564713 -7.79544
639 -0.0816514 -6.91442
84 -0.0325124 -9.0621
878 -0.0545993 -7.58646
665 -0.157537 -7.57152
743 -0.1364 -5.86798
744 -0.103624 -5.98691
532 -0.115733 -6.51499
145 -0.14299 -8.10814
1088 0.015667 -7.51065
1090 -0.105861 -7.59267
1121 -0.0749142 -7.73086
1071 -0.072604 -4.75504
169 -0.203013 -7.08577
407 -0.0155657 -7.86984
770 0.0855539 -6.84723
626 -0.0807494 -6.14767
625 -0.17411 -6.05335
595 -0.0298174 -5.7343
592 -0.185521 -6.10516
64 -0.0406193 -7.3748
482 -0.252318 -8.20996
162 -0.16465 -6.96625
311 0.110104 -8.32413
546 -0.0455597 -5.54986
549 -0.0893102 -5.69203
556 0.0590324 -5.82611
57 -0.00835237 -7.26323
641 0.0107076 -7.72591
334 -0.123508 -3.55169
960 -0.174522 -6.5645
949 -0.172816 -6.69386
1039 -0.298279 -8.54255
421 -0.118058 -6.19341
1023 -0.15868 -8.53871
191 -0.353948 -8.8424
959 -0.167408 -6.63493
936 -0.212066 -7.49755
935 -0.192635 -7.47656
939 -0.120748 -3.72271
211 -0.0605288 -8.10262
205 0.0293191 -7.95184
478 -0.15456 -7.95746
352 -0.291843 -8.72196
929 -0.206491 -7.43364
928 -0.241387 -7.48733
1051 -0.0553021 -8.21216
730 0.0587537 -7.79331
361 -0.0417581 -7.64799
1015 -0.232399 -6.45413
1018 -0.133393 -6.57563
276 -0.0770393 -7.54769
349 -0.189891 -8.09759
491 -0.0925561 -6.0232
555 -0.0775194 -7.26797
3 0.0154481 -7.8816
834 -0.132258 -5.91098
964 -0.07321 -5.79658
903 -0.0982646 -8.41312
897 -0.134704 -8.12158
835 -0.13976 -6.54601
135 -0.0455151 -6.87351
177 -0.174589 -6.87764
180 -0.34891 -6.92494
178 -0.233396 -6.8338
1029 -0.124861 -8.6093
888 -0.177751 -7.39192
772 -0.0865136 -6.60979
755 -0.104359 -5.94912
742 -0.138379 -6.55772
704 -0.0674009 -6.60473
479 -0.133278 -7.78808
619 -0.103201 -7.32675
621 -0.139956 -7.69498
624 -0.180363 -7.3811
781 -0.172629 -7.66852
215 0.21551 -8.44961
206 0.122898 -8.53892
526 -0.00911249 -5.40038
777 -0.0399333 -6.74391
287 -0.173387 -6.60854
288 -0.030108 -6.84649
282 -0.268162 -6.78994
284 -0.204374 -5.77976
277 -0.0951972 -6.89583
91 -0.118383 -8.05869
817 -0.111655 -7.79219
202 -0.0767855 -7.57568
144 -0.200413 -7.58988
814 -0.185135 -7.85898
818 -0.126781 -7.98728
412 -0.122065 -6.26584
1076 -0.0278268 -5.71807
540 -0.0110088 -6.97025
542 0.00147677 -6.9861
1080 -0.0415043 -5.16281
1070 -0.162123 -6.35081
1052 -0.0782894 -8.23214
247 -0.0893498 -8.17625
295 -0.0806849 -8.03476
90 -0.145457 -6.89982
915 -0.0707151 -8.3185
1047 -0.0590264 -8.24344
1046 -0.0699732 -8.26026
1048 -0.0955243 -8.25617
529 0.010932 -7.62278
241 -0.0704471 -5.41451
992 -0.0730466 -6.68661
1075 -0.00551999 -6.2398
591 -0.0476979 -6.60851
61 -0.151273 -7.40633
50 -0.120904 -6.05605
348 -0.131195 -7.50444
345 -0.0532937 -8.44609
594 -0.114693 -7.24891
140 -0.00485479 -8.19198
167 0.0117725 -8.73476
149 0.0136894 -8.6082
155 0.0698254 -8.47455
165 0.0249131 -8.56082
164 0.149723 -8.30082
153 0.0944515 -8.55115
141 0.0737789 -8.56498
158 -0.0100534 -8.77463
152 0.0426848 -8.5823
156 0.0738337 -8.5155
147 0.0829371 -8.42789
168 0.0773964 -8.42871
154 0.0752063 -8.49452
166 0.0896507 -8.6536
157 0.101225 -8.75164
1066 -0.310468 -7.21994
1067 -0.308675 -7.43644
176 -0.299204 -6.84647
885 -0.172732 -7.30251
886 -0.196349 -7.54681
884 -0.226586 -7.42397
698 -0.36451 -8.95837
676 -0.347464 -8.91396
660 -0.0245736 -3.84282
1017 -0.242355 -6.53626
2 -0.00357716 -8.14342
75 0.0537895 -6.1462
263 0.024956 -6.91811
270 0.0247635 -6.1546
399 -0.0661497 -7.70885
1082 0.0166114 -4.46138
1148 -0.0657873 -6.38566
342 -0.0749001 -7.4969
596 -0.126156 -5.47127
39 -0.144624 -5.30199
590 -0.0203596 -6.5503
973 -0.165482 -6.72679
504 -0.16283 -8.62501
508 -0.192003 -7.80546
55 -0.162625 -7.82069
1078 -0.187401 -7.45618
21 -0.218657 -6.32451
451 -0.094841 -5.9126
450 -0.0757577 -5.77254
503 -0.0182154 -7.7331
500 -0.182489 -7.8282
947 -0.068259 -7.95298
946 -0.0962468 -8.23953
950 -0.124583 -8.06195
385 -0.135427 -8.62011
383 -0.0347629 -8.51104
623 -0.0916006 -5.81883
73 -0.0907556 -7.73491
74 -0.155558 -5.25886
738 -0.0544724 -6.59339
321 -0.10171 -8.06958
774 -0.172977 -6.44056
20 -0.364399 -6.48387
789 -0.0608337 -6.80797
999 -0.0312673 -7.34731
1064 -0.316747 -7.27211
1068 -0.379521 -7.21297
1063 -0.315113 -7.19215
1065 -0.256324 -7.26742
754 0.0327733 -5.87125
746 -0.0131861 -6.1498
952 0.0357937 -6.41418
214 0.094002 -8.53919
213 0.163833 -8.60402
965 -0.146487 -6.75699
12 0.0252386 -5.22292
545 -0.0588005 -7.11616
539 -0.12523 -7.0079
587 -0.0513068 -6.85647
1036 -0.271665 -8.69564
1041 -0.263688 -8.53742
413 -0.122491 -6.66166
653 0.0190214 -5.59694
648 -0.0340706 -5.67656
454 -0.147453 -8.01583
457 -0.106608 -8.13282
455 -0.0421499 -8.1913
456 -0.129191 -8.06318
453 -0.0842319 -7.99807
459 -0.0352949 -7.87656
420 -0.0799375 -7.20963
77 -0.052496 -5.97445
336 -0.0632333 -6.42479
337 -0.221569 -6.32237
937 -0.137631 -7.29458
820 -0.319997 -8.14101
824 -0.122478 -7.92932
462 -0.292892 -7.26003
432 -0.115686 -7.04898
510 -0.0587719 -3.81082
509 -0.132331 -4.98629
1061 -0.170764 -5.23077
1060 -0.159019 -5.51661
951 -0.0867635 -5.38255
406 -0.064529 -7.09722
1146 -0.0606118 -6.36293
441 -0.0784774 -5.32048
338 -0.0231393 -5.66096
963 0.0103748 -6.524
60 -0.170966 -6.14613
52 -0.00623206 -6.60856
599 -0.137308 -6.88564
887 -0.191056 -7.41363
33 -0.197634 -7.31849
560 -0.103204 -6.20508
948 -0.0649566 -7.30663
606 -0.18728 -7.4597
617 -0.0451702 -8.261
615 -0.121389 -7.9023
611 -0.0781723 -6.19196
616 -0.0105982 -7.15856
613 -0.231547 -6.48484
608 -0.0453957 -7.73316
614 -0.134113 -7.45115
583 -0.101152 -5.09091
253 -0.0468813 -7.88796
535 -0.0309745 -7.70729
637 -0.131047 -5.71056
233 -0.089029 -7.09149
544 -0.0222567 -6.74331
249 -0.0736141 -5.95865
829 -0.202728 -4.37467
559 -0.0534128 -6.43934
112 -0.186489 -7.87489
118 -0.0804211 -7.7826
117 -0.0768133 -7.75404
115 -0.103224 -7.82197
942 -0.15722 -8.04341
782 -0.104994 -5.60965
851 -0.0449834 -6.4728
881 -0.229647 -6.46532
1085 -0.0529356 -7.60822
1089 -0.0657781 -7.52869
601 -0.127704 -6.84956
593 -0.0551201 -3.93706
88 0.0143053 -6.36461
761 -0.153571 -7.0837
945 -0.220869 -7.07697
13 -0.108672 -6.93464
446 -0.0314852 -5.17279
864 -0.110305 -4.40105
22 -0.0534327 -6.60875
1110 -0.128318 -7.63126
813 -0.117056 -5.06448
941 -0.113686 -6.11951
280 -0.116462 -6.41566
938 -0.058426 -4.26756
309 -0.0592293 -5.25065
308 -0.0692474 -5.35037
196 0.0827827 -8.5654
702 -0.177781 -6.44888
984 -0.172187 -7.33963
568 0.00505887 -7.48376
570 -0.149725 -6.27313
975 -0.0866755 -7.11734
916 -0.0534234 -8.24348
1087 -0.149012 -7.44353
1022 -0.167897 -5.94499
285 0.0249386 -6.30391
160 0.121722 -8.69577
847 -0.153969 -5.68567
4 -0.094593 -6.45592
40 -0.00748183 -6.65777
297 -0.0466346 -6.69467
966 -0.0341199 -6.14393
449 -0.204891 -6.52181
447 -0.119986 -6.58614
530 -0.0559006 -5.76274
527 -0.0703978 -5.68517
1083 -0.160857 -5.28217
245 -0.133088 -7.92658
419 -0.0345116 -7.22529
870 -0.12136 -6.52985
1084 -0.000832859 -5.70157
633 -0.145349 -3.86793
252 -0.0817748 -5.3846
173 -0.0975882 -4.75329
440 -0.184179 -4.33542
265 -0.0965419 -6.82969
756 -0.272712 -5.89736
757 -0.273077 -5.96878
121 -0.233225 -6.13382
581 -0.0498124 -4.18549
991 -0.0784041 -4.92946
990 -0.0755287 -3.86891
452 -0.158638 -4.59991
604 -0.180899 -7.25327
1114 -0.195071 -6.59267
357 0.0141399 -7.70459
279 -0.216299 -5.97062
745 -0.140327 -6.39408
296 0.000493411 -3.94123
832 -0.147628 -5.88154
1132 -0.167366 -7.33932
1069 -0.0101267 -5.80315
1072 -0.0356701 -4.5835
534 -0.126688 -4.23396
38 -0.0185412 -6.73607
201 -0.185274 -5.74374
974 -0.0347967 -6.76157
1131 -0.113296 -6.80569
778 -0.109878 -6.2542
1081 -0.183686 -4.55271
1127 -0.122082 -5.49842
891 -0.118057 -6.46542
765 -0.102819 -6.56878
905 -0.200707 -5.81179
92 -0.0596989 -6.81155
418 -0.0332102 -4.10575
289 -0.103842 -6.09905
1157 -0.0930635 -6.16834
1156 -0.187686 -6.1282
642 0.0148512 -6.34597
802 -0.124482 -5.7227
703 -0.083185 -4.67367
787 -0.19426 -7.09947
775 -0.0823771 -6.7496
783 -0.041151 -6.81698
784 0.0198913 -6.92486
274 -0.130676 -5.61368
565 -0.0214068 -6.69674
264 -0.0269841 -7.40759
423 -0.133248 -6.16285
1097 -0.0592442 -6.40439
1099 -0.142967 -5.92726
1096 -0.117656 -5.49339
517 -0.120631 -6.99092
1104 -0.173916 -6.57706
609 -0.121687 -7.59353
910 -0.134447 -5.07982
904 -0.094815 -6.27712
522 -0.0580805 -4.93493
410 -0.13473 -5.9999
811 -0.121453 -4.03845
759 -0.181161 -7.29433
766 -0.0326281 -4.05217
374 -0.19401 -7.66372
603 -0.18697 -6.90716
1149 0.0136221 -6.75831
827 -0.181324 -3.9756
845 -0.0385042 -4.38666
926 -0.223816 -7.48949
923 -0.216046 -7.37138
925 -0.235361 -7.754
924 -0.293794 -7.50507
1102 -0.125191 -3.92983
523 -0.0893516 -5.70018
602 -0.162255 -6.88625
605 -0.0716792 -6.87658
375 -0.181054 -4.75608
1113 -0.129419 -5.79451
636 -0.134913 -4.84338
114 -0.142888 -7.92818
113 -0.0810969 -7.89189
111 -0.0974691 -7.86337
828 -0.169449 -3.62328
873 -0.144694 -5.93571
874 -0.141366 -6.13836
610 -0.0626757 -7.54115
843 -0.0585867 -5.65672
842 -0.106787 -6.41724
841 -0.146829 -4.66353
799 -0.122045 -4.67221
53 0.00407292 -5.27567
443 -0.179587 -4.93728
1126 -0.100763 -5.37266
716 -0.213477 -5.70721
65 -0.227066 -6.11887
989 -0.0409167 -3.64342
411 -0.101908 -6.72216
401 -0.189218 -4.08638
59 -0.0614479 -7.01862
405 -0.078865 -4.27857
882 -0.214974 -5.89269
218 -0.188992 -5.80909
299 -0.145929 -5.32744
257 -0.111959 -5.09276
967 -0.0939981 -4.31756
72 -0.209459 -6.27261
68 -0.164635 -6.08756
893 -0.137591 -5.33792
322 -0.211058 -5.06296
986 -0.190824 -6.19371
985 -0.310904 -6.09879
261 -0.0833587 -6.67619
867 -0.145112 -3.46222
343 -0.186754 -3.62275
353 -0.145559 -6.57204
350 -0.130162 -6.59762
355 -0.225967 -6.43943
1016 -0.0757127 -4.10067
553 0.0186904 -5.93999
1020 -0.0772109 -4.33505
1123 -0.167841 -5.95579
1124 -0.113858 -6.17679
987 -0.107547 -6.34455
790 -0.0678999 -4.33038
242 -0.110598 -5.09688
251 -0.0597734 -4.03272
1129 -0.0582434 -4.07349
248 -0.101807 -4.14577
275 -0.101553 -4.02049
