9
92
128
142
175
249
387
389
438
448
469
536
552
683
723
767
791
821
852
878
880
907
1015
1083
1245
1271
1273
1313
1389
1416
1426
1484
1489
1520
1544
1571
1575
1577
1580
1601
1633
1636
1642
1687
1750
1769
1789
1820
1901
1931
2009
2021
2120
2148
2163
2189
2193
2236
2311
2332
2365
2403
2420
2428
2446
2473
2477
2482
2536
2599
2601
2603
2619
2685
2752
2796
2859
2890
2903
2912
2932
2939
2971
3006
3041
3087
3092
3101
3112
3152
3162
3251
3252
3253
3299
3300
3303
3325
3377
3391
3397
3402
3427
3439
3484
3489
3524
3570
3573
3604
3608
3631
3670
3671
3676
3853
3854
3871
3918
3953
3986
3988
4019
4032
4179
4276
4292
4294
4308
4330
4373
4378
4389
4459
4489
4496
4510
4546
4548
4562
4581
4587
4609
4613
4629
4635
4686
4726
4752
4760
4839
4866
4883
4885
4905
4923
4977
5086
5138
5139
5182
5206
5212
5295
5405
5415
5430
5514
5533
5750
5767
5776
5778
5780
5821
5938
5941
5982
6087
6130
6151
6196
6215
6307
6321
6324
6332
6431
6446
6459
6488
6497
6560
6625
6643
6689
6700
6849
6895
6913
6914
6939
7011
7027
7079
7146
7306
7424
7464
7486
7610
7615
7687
7709
7732
7865
7890
7914
7976
8008
8078
8178
8179
8208
8216
8345
8456
8539
8608
8695
8759
8762
8781
8804
9002
9010
9024
9027
9066
9070
9236
9322
9442
9624
9765
9795
9814
9816
9943
10031
10057
10090
10157
10206
10235
