16
25
55
79
134
150
164
166
178
187
207
220
235
238
251
276
284
296
307
308
331
335
342
352
366
378
389
397
399
401
443
472
478
483
487
504
505
525
530
538
555
559
578
583
617
626
628
631
635
645
656
697
698
722
750
753
780
782
786
787
799
800
802
814
843
850
851
874
877
893
897
905
926
927
936
956
977
995
1000
1007
1012
1027
1052
1058
1061
1085
1099
1104
1113
1151
1163
1176
1187
1195
1196
1204
1207
1215
1246
1250
1254
1287
1296
1304
1320
1334
1338
1346
1347
1351
1366
1435
1436
1448
1450
1454
1470
1492
1509
1510
1520
1521
1548
1570
1586
1594
1604
1618
1620
1633
1658
1665
1669
1687
1697
1703
1705
1710
1723
1743
1748
1751
1752
1757
1792
1793
1812
1823
1828
1836
1847
1853
1863
1874
1893
1894
1898
1905
1920
1937
1954
1973
2007
2013
2080
2090
2099
2106
2118
2126
2184
2188
2199
2250
2252
2253
2255
2256
2257
2261
2264
2266
2283
2306
2308
2316
2318
2324
2345
2368
2380
2386
2392
2398
2400
2431
2435
2437
2452
2510
2511
2512
2513
2519
2526
2537
2539
2543
2550
2574
2589
2591
2685
2690
2715
2727
2743
2746
2750
2759
2760
2786
2806
2807
2817
2826
2829
2833
2846
2861
2863
2881
2887
2902
2904
2939
2954
2974
2983
2994
3013
3016
3028
3037
3038
3047
3049
3075
3111
3113
3114
3136
3172
3183
3187
3199
3204
3205
3206
3214
3244
3247
3262
3283
3308
3324
3325
3331
3379
3387
3401
3409
3416
3434
3436
3443
3448
3449
3463
3467
3476
3488
3493
3496
3507
3509
3519
3533
3538
3564
3567
3578
3579
3592
3599
3605
3621
3623
3625
3643
3659
3668
3669
3670
3673
3674
3677
3679
3681
3686
3687
3695
3697
3698
3700
3704
3705
3710
3711
3712
3713
3715
3722
3727
3733
3734
3742
3743
3744
3749
3753
3761
3762
3768
3769
3814
3817
3820
3825
3833
3870
3879
3894
3897
3904
3920
3928
3932
3933
3934
3945
3947
3956
3963
3976
3985
3989
3999
4011
4034
4064
4066
4067
4076
4079
4083
4089
4109
4110
4112
4123
4155
4175
4181
4185
4186
4187
4199
4220
4224
4245
4246
4257
4258
4266
4268
4271
4276
4279
4291
4294
4295
4306
4317
4330
4335
4336
4337
4339
4343
4344
4356
4364
4367
4370
4396
4423
4456
4468
4479
4502
4507
4522
4530
4545
4546
4554
4555
4620
4638
4647
4648
4662
4674
4683
4697
4700
4720
4731
4748
4751
4765
4768
4769
4774
4778
4789
4791
4794
4800
4811
4816
4827
4829
4851
4852
4861
4863
4888
4891
4900
4901
4902
4919
4928
4934
4944
4945
4947
4950
4953
4955
4957
4958
4959
4962
4966
4968
4979
4990
4991
4993
4994
4995
4999
5009
5016
5050
5053
5055
5056
5058
5115
5128
5138
5139
5169
5172
5178
5188
5193
5233
5235
5236
5239
5240
5254
5267
5275
5296
5304
5328
5337
5347
5358
5374
5375
5453
5465
5474
5484
5496
5509
5520
5521
5533
5537
5566
5567
5568
5571
5576
5586
5594
5603
5605
5612
5617
5622
5638
5651
5653
5677
5680
5682
5685
5692
5713
5751
5755
5760
5762
5764
5765
5778
5821
5826
5827
5830
5838
5857
5877
5887
5898
5934
5936
5967
5978
5981
5983
5998
6002
6015
6028
6042
6061
6080
6085
6087
6088
6101
6130
6140
6147
6159
6170
6176
6188
6208
6221
6226
6242
6250
6252
6263
6267
6275
6290
6338
6339
6348
6353
6389
6392
6396
6406
6414
6430
6432
6440
6464
6474
6476
6479
6480
6498
6505
6509
6515
6531
6550
6560
6569
6580
6581
6597
6599
6643
6658
6666
6667
6692
6693
6732
6733
6738
6765
6786
6793
6814
6855
6856
6867
6880
6881
6897
6899
6901
6909
6916
6936
6944
6946
6963
6979
6981
6997
7016
7047
7054
7062
7063
7067
7075
7081
7096
7105
7115
7118
7157
7173
7184
7190
7192
7227
7321
7350
7363
7368
7370
7380
7387
7394
7400
7408
7421
7444
7474
7478
7495
7508
7510
7536
7547
7553
7554
7556
7559
7564
7565
7568
7573
7599
7600
7602
7628
7655
7660
7710
7716
7720
7726
7734
7746
7754
7768
7770
7785
7794
7798
7799
7805
7809
7810
7812
7816
7818
7823
7828
7829
7831
7850
7857
7870
7873
7893
7903
7910
7934
7939
7965
7966
7971
7974
7979
7980
7986
7989
7993
7995
7997
8003
8008
8010
8011
8014
8021
8024
8027
8028
8032
8038
8039
8045
8051
8055
8056
8071
8076
8083
8086
8089
8091
8092
8097
8098
8104
8110
8118
8127
8130
8132
8133
8134
8136
8141
8142
8143
8149
8151
8153
8158
8160
8163
8173
8174
8175
8178
8179
8180
8184
8193
8194
8195
8199
8201
8205
8206
8207
8214
8221
8222
8223
8227
8231
8233
8235
8238
8240
8242
8247
8249
8250
8253
8254
8258
8260
8261
8266
8267
8268
8270
8273
8279
8280
8281
8284
8289
8290
8291
8293
8294
8300
8301
8303
8308
8316
8322
8329
8336
8350
8359
8369
8376
8388
8390
8391
8393
8397
8400
8401
8410
8412
8413
8417
8418
8423
8424
8432
8433
8435
8438
8441
8443
8446
8455
8456
8461
8468
8469
8470
8472
8478
8479
8481
8484
8490
8493
8496
8506
8508
8511
8514
8515
8517
8524
8526
8546
8548
8553
8554
8560
8561
8562
8568
8571
8572
8573
8574
8575
8580
8585
8591
8593
8594
8600
8601
8604
8605
8611
8612
8613
8617
8621
8631
8635
8636
8638
8652
8653
8656
8658
8661
8662
8663
8666
8667
8668
8669
8670
8672
8680
8681
8682
8685
8688
8689
8690
8691
8693
8695
8696
8697
8698
8699
8704
8705
8706
8712
8714
8722
8726
8728
8729
8735
8736
8737
8743
8745
8749
8750
8755
8760
8763
8766
8768
8775
8777
8779
8782
8784
8785
8786
8787
8788
8791
8793
8794
8799
8801
8803
8804
8809
8812
8813
8816
8818
8819
8820
8823
8835
8836
8854
8858
8861
8869
9001
9050
9056
9122
9123
9131
9140
9173
9206
9208
9222
9225
9230
9239
9243
9274
9283
9293
9300
9318
9326
9360
9381
9395
9425
9426
9455
9499
9504
9513
9550
9555
9557
9587
9595
9602
9640
9657
9682
9685
9724
9738
9743
9803
9806
9807
9809
9812
9814
9850
9857
9861
9878
9883
9887
9894
9896
9903
9913
9916
9924
9930
9936
9938
9953
9957
9966
9976
9977
9987
9995
9997
10003
10005
10010
10011
10016
10021
10023
10030
10032
10033
10041
10056
10062
10064
10065
10071
10072
10081
10086
10087
10092
10095
10108
10109
10112
10113
10114
10120
10123
10142
10146
10159
10161
10162
10171
10180
10190
10193
10194
10201
10202
10209
10210
10211
10214
10216
10217
10219
10220
10221
10222
10223
10224
10225
10226
10227
10228
10230
10231
10232
10233
10234
10235
10236
10237
10239
10240
10241
10242
10243
10244
10245
10246
10247
10248
10249
10250
10251
10252
10253
10254
10255
10256
10257
10258
10259
10261
10262
10263
10264
10265
10266
10267
10268
10270
10288
10292
10297
10308
10317
10319
10338
10340
10344
10348
10349
10351
10354
10371
10376
10379
10380
10395
10400
10401
10405
10415
10417
10419
10423
10430
10431
10440
10441
10449
10455
10474
10476
10484
10491
10496
10499
10506
10511
10516
10518
10521
10523
10526
10535
10542
10560
10576
10582
10585
10588
10591
10596
10600
10601
10609
10610
10626
10636
10656
10658
10677
10706
10715
10722
10737
10750
10755
10760
10788
10790
10797
10804
10825
10836
10837
10838
10868
10898
10913
10914
10915
10922
10932
10933
10956
10957
10958
10968
10969
10970
10975
10976
10981
10995
10996
10997
11016
11017
11018
11028
11032
11033
11045
11046
11049
11050
11051
11052
11053
11069
11074
11075
11076
11095
11096
11097
11128
11129
11152
11153
11160
11173
11181
11203
11204
11205
11206
11207
11208
11209
11240
11241
11257
11258
11259
11287
11288
11289
11299
11300
11301
11323
11324
11331
11332
11333
11334
11335
11362
11366
11367
11372
11374
11377
11392
11393
11394
11395
11396
11397
11402
11448
11449
11450
11451
11456
11457
11468
11484
11500
11501
11503
11504
11529
11565
11569
11574
11575
11579
11580
11585
11603
11604
11616
11617
11618
11658
11691
11692
11693
11694
11695
11696
11708
11711
11737
11765
11766
11835
11837
11884
11888
11905
11909
11910
11915
11921
11922
11949
11950
11951
11952
11953
11960
11965
11977
12011
12012
12013
12031
12033
12034
12035
12039
12040
12041
12042
12043
12044
12048
12055
12056
12120
12141
12142
12143
12144
12146
12147
12208
12245
12247
12248
12254
12255
12256
12258
12259
12265
12295
12313
12314
12315
12316
12318
12336
12366
12380
12381
12396
12397
12408
12409
12436
12439
12440
12442
12444
12445
12456
12457
12465
12466
12486
12490
12491
12492
12515
12526
12527
12528
12542
12543
12553
12564
12565
12566
12578
12579
12586
12588
12589
12590
12591
12618
12627
12628
12633
12657
12659
12673
12677
12678
12679
12758
12759
12777
12782
12784
12789
12795
12837
12838
12849
12910
12921
12922
12976
12980
13015
13022
13035
13036
13049
13050
13051
13093
13094
13129
13193
13194
13205
13260
13266
13275
13276
13303
13307
13314
13329
13330
13345
13347
13356
13401
13404
13421
13422
13442
13458
13546
13547
13618
13640
13677
13692
13693
13722
13723
13734
13735
13738
13755
13756
13758
13759
13762
13764
13765
13766
13767
13770
13771
13785
13786
13787
13788
13794
13795
13801
13802
13803
13804
13810
13811
13813
13835
13836
13837
13838
13844
13845
13846
13858
13863
13864
13901
13909
13910
13914
13939
13974
13975
13985
13988
14012
14034
14035
14036
14040
14041
14056
14071
14072
14073
14080
14081
14088
14106
