62
711
1380
1992
2139
2420
2874
3079
3400
3421
3815
3845
4394
4800
4825
4916
4946
5029
5153
5490
5595
5757
5780
5791
6354
6899
6943
6954
7110
7427
7428
7529
7693
7703
7951
8747
8844
8959
9152
9221
9532
9533
9586
10176
10182
10356
10543
10620
10647
10731
11028
11035
11175
11324
11422
11563
11804
11921
12012
12147
12274
12831
13040
13153
13238
13257
13652
13805
13831
13878
13910
13915
14183
14231
14246
14305
14398
14723
14768
14990
15065
15204
15305
15338
15624
15670
15683
15724
15812
15823
16092
16219
16261
16265
16427
16878
17024
17203
17239
17323
17613
17626
17765
17841
17854
18021
18112
18183
18209
18407
18420
18523
18612
18696
18780
18864
18973
19056
19152
19307
19467
19561
19681
19687
19704
19707
19910
19964
20064
20140
20187
20308
20389
20403
20932
20957
21048
21087
21208
21290
21673
21845
21846
21874
21976
22077
22463
22603
22765
22807
22876
22881
23067
23135
23173
23197
23210
23313
23570
23609
23612
23626
23694
23833
23990
24019
24166
24197
24221
24250
24253
24430
24475
24513
24525
24582
24672
24697
24763
24864
25010
25056
25058
25103
25144
25237
25297
25359
25473
25610
25904
25990
25992
26030
26032
26056
26141
26233
26280
26341
26405
26494
26523
26560
26678
26679
26824
26833
26841
26858
26885
26927
27121
27145
27227
27234
27291
27334
27440
27483
27582
27592
27593
27637
27937
28236
28366
28372
28422
28566
28598
28848
28944
29096
29251
29492
29548
29625
29704
29882
29976
29977
29993
30003
30198
30260
30269
30335
30337
30574
30661
30739
30753
30874
30876
30990
31015
31016
31017
31098
31100
31102
31118
31745
31925
32138
32204
32273
32292
32341
32834
32897
32934
33107
33312
33431
33477
33571
33612
33790
33954
34054
34373
34592
34645
34854
35100
35382
35535
35590
35771
36233
36256
36415
36416
36541
36683
36708
36800
36869
36950
37238
37297
37366
37768
37816
38018
38027
38169
38274
38509
38533
38593
38665
38679
38726
38914
38992
39031
39093
39141
39430
39526
39584
39606
39911
39921
39987
40008
40015
40040
40077
40495
40566
40567
40654
40876
40889
40922
41127
41207
41278
41301
41332
41351
41368
41409
41861
41864
41915
41930
42070
42090
42202
42341
42431
42443
42641
42841
42872
42983
43038
43396
43483
43514
43623
43712
43737
43797
44059
44169
44412
44623
44666
44694
44864
44934
45041
45203
45320
45789
45954
45974
46005
46050
46091
46166
46210
46247
46408
46413
46462
46607
47017
47139
47324
47416
47620
47743
47761
47832
47845
47927
47929
47935
47937
47952
48135
48249
48263
48575
48644
48729
48786
49020
49189
49196
49211
49247
49372
49390
49438
49629
49751
49816
49817
50179
50251
50252
50306
50344
50732
50735
50829
50867
50896
50898
50954
51139
51140
51189
51227
51276
51278
51449
51484
51723
51997
52064
52077
52086
52146
52189
52214
52219
52368
52369
52461
52529
52582
52586
52593
52623
52647
52693
52977
53059
53300
53331
53411
53557
53577
53602
53749
53853
53900
53987
54027
54060
54091
54142
54145
54169
54270
54430
54459
54560
54564
54661
54832
54968
55008
55108
55196
55320
55359
55381
55449
55562
55583
55708
55751
55752
55760
55761
55820
55993
55999
56071
56154
56160
56182
56221
56241
56349
56414
56427
56454
56463
56553
56745
56942
57190
57215
57300
57302
57361
57394
57572
57573
57590
57637
57654
57659
57693
58013
58028
58145
58146
58147
58173
58236
58238
58277
58286
58292
58406
58446
58447
58448
58449
58452
58512
58592
58599
58663
58800
58817
58818
58820
58821
58825
58850
58923
59054
59201
59247
59357
59389
59403
59430
59486
59504
59532
59752
59845
59907
59908
60059
60077
60121
60149
60155
60242
60398
60453
60460
60609
60775
60777
60783
60784
61002
61003
61125
61127
61283
61364
61365
61454
61630
61646
61657
61693
61711
62022
62029
62078
62139
62143
62497
62578
62602
62634
62789
62855
62869
63144
63335
63376
63619
63622
63623
63674
63782
63785
63818
63919
63982
63992
64097
64125
64131
64171
64172
64281
64284
64300
64316
64562
64779
64780
64792
64807
64916
65097
65264
65371
65757
65940
65975
65984
66080
66093
66207
66221
66228
66279
66329
66361
66370
66395
66424
66435
66457
66535
66665
66672
66852
66854
66924
66948
67005
67028
67040
67135
67255
67477
67574
67592
67593
67668
67675
67707
67728
67735
67744
67746
67800
67826
67899
67920
68016
68134
68301
68302
68456
68487
68492
68516
68863
69152
69167
69189
69353
69373
69463
69477
69606
69846
69936
70019
70020
70063
70064
70121
70144
70265
70299
70338
70391
70406
70539
70545
70602
70605
70794
71069
71100
71129
71262
71277
71299
71347
71354
71366
71409
71455
71537
71661
71804
71851
71946
71988
72002
72043
72080
72098
72109
72198
72215
72294
72321
72539
72540
72578
72634
72654
72661
72676
72714
72715
72796
72819
72834
72854
72938
72941
72981
73018
73056
73096
73194
73217
73363
73386
73537
73745
73770
73804
73807
73852
73920
74156
74157
74360
74476
74537
74548
74725
74726
74727
74796
74821
74873
74893
75064
75087
75168
75174
75184
75195
75216
75254
75263
75273
75368
75737
75798
75866
75867
75882
75895
75901
75936
75949
75960
76127
76307
76347
76353
76373
76454
76459
76468
76473
76702
76718
76741
76759
76816
76833
76893
76900
77039
77281
77458
77492
77586
77622
77667
77698
77718
77789
77855
77859
77861
77875
77926
77984
78012
78039
78040
78045
78076
78084
78309
78468
78494
78539
78565
78765
78824
78930
79142
79143
79211
79228
79355
79472
79489
79529
79709
79759
80068
80504
80587
80674
80680
80681
80813
80855
81309
81365
81430
81463
81464
81499
81542
81574
81598
81599
81743
82024
82146
82190
82458
82523
82551
82567
82718
82735
82819
82998
83003
83033
83096
83125
83167
83205
83234
83444
83449
83475
83476
83616
83617
83935
84078
84105
84140
84207
84276
84346
84356
84364
84379
84413
84509
84524
84614
84701
84702
84715
84761
84793
84810
84922
85020
85039
85112
85134
85346
85352
85422
85452
85588
85611
85652
85857
85872
85893
85907
85982
85983
85984
86068
86128
86179
86185
86386
86443
86508
86515
86533
86552
86583
86637
86654
86677
86688
86703
86715
86764
86900
86941
86942
87048
87110
87119
87170
87216
87331
87334
87361
87367
87521
87527
87540
87585
87610
87895
87949
87984
88007
88096
88229
88280
88564
88776
88829
88855
89045
89265
89411
89412
89445
89669
89673
89675
89755
90169
90170
90270
90329
90529
90645
90657
90748
90870
90981
91012
91100
91353
91399
91417
91419
91508
91609
91616
91700
91850
91971
91992
92023
92237
92342
92375
92458
92490
92513
92799
92844
92907
93088
93161
93195
93240
93320
93347
93348
93451
93546
93641
93642
93749
93795
93800
93896
93918
93983
94071
94079
94080
94277
94284
94320
94321
94322
94467
94471
94565
94647
94683
94758
94889
95000
95057
95122
95349
95459
95476
95624
95669
95712
95838
95859
95861
95880
95906
96116
96242
96265
96322
96327
96405
96435
96462
96470
96504
96777
96875
97007
97042
97053
97066
97157
97169
97172
97196
97209
97258
97313
97389
97567
97601
97632
97633
97634
97635
97648
97713
97715
97719
97787
97829
97848
97919
97987
98067
98072
98127
98187
98283
98381
98382
98435
98522
98544
98611
98619
98626
98665
98666
98716
98757
98779
98872
98879
98903
98944
98945
99123
99154
99211
99214
99240
99362
99441
99463
99493
99637
99638
99789
99802
99803
99822
100017
100125
100183
100189
100237
100253
100276
100277
100282
100283
100285
100286
100292
100321
100323
100324
100368
100424
100452
100520
100552
100586
100588
100589
100616
100637
100766
100799
100814
101178
101188
101202
101306
101328
101329
101332
101362
101398
101403
101533
101633
101643
101902
101956
102245
102292
102315
102317
102470
102480
102481
102551
102593
102595
102766
102792
102807
102892
103012
103114
103246
103247
103341
103534
103615
103616
103617
103846
103847
103946
104034
104057
104069
104090
104153
104205
104312
104317
104326
104335
104351
104391
104400
104409
104574
104618
104625
104640
104645
104646
104792
104793
104801
104852
104889
104929
104947
105124
105136
105181
105227
105228
105306
105349
105357
105435
105568
105626
105688
105697
105714
105755
105768
105771
105775
105780
105849
105888
105930
105986
106150
106332
106395
106440
106447
106448
106469
106511
106600
106695
106823
106872
106991
107079
107086
107095
107168
107230
107575
107599
107603
107607
107669
107818
107829
107830
107857
107943
107976
108035
108103
108152
108253
108275
108305
108348
108505
108530
108553
108560
108690
108722
108768
108848
108849
108928
108955
109143
109411
109499
109538
109565
109628
109641
109695
109735
109787
109802
109821
109823
109860
109876
110008
110061
110097
110186
110221
110326
110539
110542
110576
110660
110702
110824
111013
111017
111030
111053
111078
111085
111108
111144
111171
111229
111268
111277
111329
111346
111401
111442
111452
111457
111467
111468
111470
111491
111492
111493
111581
111582
111583
111726
111727
111732
111733
111818
111835
111868
111886
111962
112030
112089
112090
112091
112108
112109
112137
112162
112187
112215
112227
112258
112259
112283
112284
112296
112315
112316
112317
112318
112355
112356
112378
112379
112380
112381
112382
112392
112410
112431
112497
112507
112546
112575
112649
112659
112660
112665
112674
112695
112696
112707
112708
112768
112769
112770
112809
112810
112824
112849
112856
112871
112879
112892
112893
112894
112901
112903
112906
112964
112965
112966
112967
112968
112969
112977
112978
112990
113012
113028
113039
113091
113156
113172
113174
113178
113179
113211
113220
113221
113224
113274
113275
113276
113288
113299
113303
113354
113422
113472
113485
113506
113546
113578
113584
113623
113627
113709
113728
113808
113809
113810
113811
113813
113817
113829
113835
113836
113842
113843
113852
113875
113898
113899
113908
113909
113910
114015
114016
114026
114077
114093
114167
114168
114169
114174
114218
114234
114235
114236
114272
114273
114274
114282
114283
114285
114286
114287
114290
114309
114327
114328
114343
114344
114346
114431
114496
114497
114498
114499
114536
114558
114562
114612
114635
114693
114696
114740
114741
114790
114791
114842
114843
114939
114961
114962
115013
115014
115017
115018
115029
115052
115074
115150
115151
115152
115153
115154
115192
115252
115253
115254
115255
115256
115263
115309
115310
115311
115457
115471
115478
115498
115499
115500
115501
115502
115503
115516
115525
115527
115528
115530
115547
115572
115628
115672
115673
115719
115720
115739
115747
115755
115805
115806
115925
115926
115927
115943
115944
115945
115952
115989
116059
116065
116070
116079
116080
116114
116132
116138
116139
116160
116245
116251
116400
116446
116519
116529
116531
116536
116537
116570
116606
116651
116663
116672
116673
116677
116752
116768
116778
116779
116780
116785
116786
116859
116907
116908
116912
116987
116998
117000
117028
117074
117078
117171
117173
117174
117185
117244
117246
117247
117269
117345
117387
117411
117412
117413
117423
117428
117429
117450
117458
117460
117463
117495
117497
117507
117527
117528
117529
117601
117602
117622
117676
117694
117695
117775
117776
117855
117887
117915
117917
117918
117942
117948
118029
118030
118118
118135
118136
118154
118183
118289
118290
118327
118370
118371
118372
118455
118456
118459
118471
118472
118487
118534
118538
118539
118540
118545
118547
118591
118649
118683
118684
118685
118742
118747
118777
118831
118877
118882
118916
118941
118958
118959
118995
119047
119111
119116
119138
119142
119163
119175
119194
119208
119268
119274
119331
119332
119338
119339
119451
119452
119453
119483
119484
119516
119525
119539
119546
119562
119611
119621
119642
119643
119644
119673
119686
119694
119716
119720
119791
119793
119798
119837
119854
119876
119877
119904
119919
119931
119950
119954
119966
119967
120082
120130
120131
120132
120141
120162
120163
120184
120238
120288
120291
120327
120384
120385
120391
120469
120470
120471
120473
120501
120510
120511
120512
120513
120564
120567
120613
120614
120684
120685
120741
120802
120807
120818
120825
120826
120833
120884
120923
120941
120942
120965
121000
121031
121051
121097
121098
121198
121200
121248
121249
121255
121299
121300
121305
121319
121335
121336
121378
121379
121380
121384
121385
121398
121406
121436
121443
121444
121445
121446
121523
121524
121529
121530
121546
121551
121554
121588
121627
121636
121666
121667
121688
121689
121718
121732
121735
121773
121781
121782
121783
121837
121854
121857
121867
121876
121906
121965
122013
122083
122129
122130
122131
122151
122185
122193
122226
122246
122270
122354
122355
122359
122374
122375
122376
122378
122382
122383
122398
122419
122519
122522
122545
122603
122604
122610
122611
122663
122687
122701
122711
123024
123025
123037
123038
123039
123040
123077
123081
123091
123092
123118
123156
123168
123169
123248
123249
123264
123309
123320
123359
123383
123389
123411
123425
123482
123660
123700
123802
123810
123811
123815
123816
123817
123846
123847
123858
123875
123895
123921
124066
124114
124157
124162
124218
124242
124252
124253
124266
124313
124336
124340
124347
124356
124378
124400
124413
124420
124440
124447
124448
124482
124485
124486
124496
124502
124503
124504
124553
124571
124576
124578
124591
124599
124606
124622
124628
124645
124652
124686
124687
124696
124793
124795
124796
124798
124841
124842
124880
124881
124911
124912
124942
124943
124945
124975
124995
125001
125018
125019
125056
125057
125061
125134
125195
125196
125205
125207
125233
125304
125317
125387
125398
125399
125455
125469
125500
125503
125507
125508
125549
125553
125557
125560
125587
125601
125649
125652
125663
125701
125738
125754
125796
125803
125848
125849
125862
125888
125933
125968
125985
125993
125996
126008
126058
126060
126061
126074
126113
126122
126197
126219
126318
126329
126332
126369
126417
126418
126496
126535
126542
126556
126586
126707
126768
126788
126884
126888
126891
126896
126973
126980
126992
126993
127006
127030
127067
127074
127081
127094
127119
127224
127307
127316
127337
127340
127343
127358
127379
127391
127425
127464
127484
127485
127511
127545
127547
127557
127599
127601
127639
127646
127647
127648
127649
127769
127776
127922
127977
127987
128004
128006
128007
128008
128009
128081
128129
128178
128251
128279
128280
128391
128398
128426
128427
128451
128452
128528
128537
128604
128637
128678
128679
128699
128703
128705
128707
128797
128833
128880
129047
129095
129150
129172
129196
129252
129265
129311
129340
129342
129373
129417
129506
129548
129587
129588
129631
129635
129871
129955
130083
130086
130132
130189
130198
130206
130207
130277
130329
130330
130388
130389
130390
130392
130403
130408
130432
130433
130434
130438
130450
130468
130502
130503
130517
130553
130566
130574
130575
130576
130591
130595
130598
130753
130754
130755
130756
130858
130859
131009
131017
131026
131040
131069
131071
131113
131114
131187
131226
131361
131413
131456
131460
131461
131462
131485
131540
131542
131545
131575
131576
131577
131583
131595
131695
131699
131704
131730
131739
131826
131973
131974
131976
132004
132043
132044
132045
132050
132094
132148
132149
132159
132164
132193
132197
132212
132245
132249
132312
132498
132555
132693
132694
132695
132703
132742
132772
132804
132805
132827
132978
132991
133070
133128
133138
133139
133148
133158
133185
133207
133210
133211
133225
133300
133355
133356
133391
133405
133407
133477
133502
133583
133823
133824
133826
133845
133953
134056
134060
134130
134137
134152
134153
134192
134195
134196
134197
134507
134540
134556
134602
134603
134604
134617
134878
135104
135107
135131
135158
135251
135262
135291
135337
135373
135411
135424
135643
135756
135785
135814
135849
135882
135898
135924
135940
135975
136028
136050
136110
136111
136264
136335
136396
136400
136504
136509
136563
136613
136618
136733
136758
136808
136861
136909
136946
137045
137051
137062
137155
137169
137174
137177
137184
137253
137279
137280
137281
137282
137284
137358
137365
137405
137406
137407
137418
137434
137445
137485
137492
137534
137563
137574
137575
137576
137713
137808
137844
137925
137926
138016
138067
138135
138178
138179
138180
138181
138212
138214
138215
138216
138223
138286
138287
138313
138423
138455
138591
138609
138624
138741
138856
138861
138878
138883
138889
138890
138898
138949
138950
138989
139065
139168
139169
139185
139304
139338
139368
139406
139430
139463
139464
139474
139476
139661
139702
139760
139762
139802
139803
139808
139913
139914
139916
139960
140074
140169
140184
140213
140214
140271
140308
140331
140367
140494
140627
140631
140653
140654
140692
140717
140727
140733
140750
140758
140764
140781
140792
140840
140866
140867
140944
141027
141046
141047
141072
141128
141134
141147
141269
141332
141436
141440
141530
141568
141571
141668
141735
141812
141845
141863
141886
141902
141903
141932
141974
141978
141998
142017
142029
142056
142069
142073
142117
142239
142263
142290
142408
142495
142534
142560
142574
142671
142709
142713
142714
142807
142816
142881
142898
142900
142908
142921
142957
142964
142965
143007
143050
143066
143107
143123
143159
143179
143230
143248
143302
143370
143393
143469
143482
143524
143530
143534
143545
143668
143693
143767
143804
143891
143892
143965
144139
144190
144202
144251
144262
144263
144271
144272
144385
144389
144566
144601
144653
144693
144706
144724
144860
144863
144889
144911
144946
144973
145001
145023
145099
145123
145415
145416
145468
145566
145730
145852
145878
145886
145898
145985
146113
146250
146351
146502
146586
146609
146741
146808
146809
146853
146900
146929
146941
147015
147124
147133
147269
147327
147384
147575
147715
147899
148001
148106
148162
148215
148357
148626
148946
149043
149110
149271
149289
149377
149378
149395
149465
149587
149637
149638
150027
150077
150271
150371
150374
150375
150376
150377
150442
150460
150530
150554
150599
150689
151112
151132
151159
151309
151311
151317
151353
151684
151829
151849
151952
151987
152272
152291
152498
152707
153024
153428
153518
153653
153661
154012
154194
154244
154257
154268
154350
154816
155025
155067
155080
155117
155196
155247
155253
155451
155460
155624
155751
155894
156045
156135
156328
156573
156651
156696
156754
157067
157130
157162
157182
157255
157381
157572
157916
158041
158176
158214
158238
158431
158449
158732
158961
159405
159555
159704
159780
159803
159828
160046
160047
160087
160254
160288
160480
160576
160694
160713
160833
160884
161045
161060
161252
161272
161291
161349
161369
161370
161371
161372
161506
161510
161548
161549
161555
161583
161592
161689
161793
161796
161806
161824
161825
161958
161959
161960
161961
161962
161963
161981
162002
162068
162073
162074
162103
162121
162122
162125
162161
162175
162195
162243
162244
162245
162265
162299
162300
162301
162302
162303
162313
162314
162315
162316
162341
162370
162382
162399
162458
162459
162466
162476
162665
162666
162723
162727
162748
162768
162770
162781
162803
162832
162874
162877
162878
162923
162957
162958
162962
162993
163035
163036
163037
163038
163104
163105
163106
163107
163109
163115
163147
163170
163217
163239
163240
163267
163389
163428
163437
163560
163596
163597
163682
163781
163807
163811
163880
163910
163911
163912
163958
164012
164026
164027
164052
164053
164057
164093
164195
164240
164241
164264
164309
164324
164341
164365
164385
164386
164387
164410
164429
164430
164464
164466
164467
164516
164517
164518
164519
164520
164530
164532
164533
164548
164549
164664
164677
164696
164697
164707
164747
164841
164856
164860
164863
164864
164872
164895
164896
164920
164921
164938
164939
164940
164941
164942
164943
164944
164969
165029
165075
165085
165087
165219
165222
165240
165241
165242
165245
165251
165292
165359
165361
165402
165554
165556
165557
165571
165592
165625
165627
165686
165687
165691
165720
165721
165722
165746
165803
165810
165811
165812
165813
165814
165823
165836
165881
165933
165934
165954
166074
166201
166206
166218
166279
166299
166328
166349
166358
166367
166379
166399
166400
166417
166443
166526
166553
166599
166621
166631
166643
166666
166676
166708
166709
166732
166733
166734
166735
166736
166737
166928
166929
166930
166998
167029
167053
167056
167060
167149
167150
167185
167251
167262
167269
167282
167283
167317
167398
167402
167559
167560
167604
167605
167653
167689
167710
167712
167721
167783
167784
167785
167788
167818
167819
167844
167853
167865
167909
167946
167947
167965
167994
167995
168136
168137
168169
168188
168233
168234
168263
168335
168372
168374
168408
168490
168626
168643
168644
168645
168761
168762
168763
168781
168828
168830
168846
168849
168850
168944
168962
169057
169070
169071
169072
169100
169112
169164
169234
169238
169239
169240
169241
169251
169294
169295
169320
169332
169333
169334
169340
169341
169342
169423
169424
169427
169469
169531
169575
169594
169669
169713
169737
169758
169917
169953
169954
169996
170069
170106
170107
170140
170151
170152
170162
170175
170214
170215
170227
170228
170230
170252
170253
170310
170312
170313
170344
170345
170365
170415
170536
170538
170539
170556
170725
170755
170810
170811
170815
170865
170910
170976
170977
170978
171115
171195
171363
171364
171374
171380
171381
171412
171429
171468
171500
171534
171552
171606
171609
171624
171629
171632
171633
171642
171655
171656
171677
171697
171722
171742
171835
171836
171875
171876
171901
171923
171924
171927
171928
172035
172036
172159
172162
172191
172196
172288
172313
172353
172452
172455
172510
172570
172571
172573
172579
172620
172649
172689
172707
172722
172723
172810
172817
172837
172880
172925
172927
172930
172931
172932
172940
172953
172954
172959
172972
172973
172974
173052
173053
173067
173123
173126
173154
173157
173158
173163
173178
173185
173208
173263
173264
173366
173372
173384
173419
173420
173434
173548
173601
173625
173705
173708
173714
173726
173742
173750
173751
173752
173812
173924
173953
174048
174052
174095
174130
174285
174301
174308
174312
174343
174344
174345
174386
174394
174397
174402
174404
174409
174410
174413
174433
174434
174436
174579
174705
174706
174778
174779
174791
174857
174862
174891
174935
174936
174938
175005
175009
175010
175022
175052
175053
175072
175087
175105
175106
175124
175138
175232
175233
175266
175303
175338
175341
175379
175389
175390
175393
175469
175482
175491
175492
175583
175637
175707
175753
175770
175805
175815
175816
175818
175833
175883
175987
176023
176042
176043
176102
176150
176158
176175
176176
176202
176208
176240
176264
176265
176350
176364
176378
176384
176438
176488
176502
176506
176513
176568
176631
176635
176648
176725
176739
176745
176746
176821
176840
176862
176863
176896
176897
176914
176958
177035
177036
177083
177088
177092
177127
177188
177225
177234
177244
177365
177747
177748
177794
177822
177881
177981
178000
178008
178024
178044
178045
178074
178075
178076
178085
178089
178133
178139
178192
178193
178222
178233
178234
178250
178264
178282
178283
178284
178344
178366
178395
178399
178402
178413
178444
178577
178578
178765
178783
178786
178866
178877
178927
178949
178959
178967
179033
179061
179081
179130
179139
179146
179170
179192
179213
179243
179330
179347
179391
179437
179484
179545
179643
179658
179704
179714
179768
179779
179802
179811
179829
179847
179885
179889
179912
179923
179925
179979
179986
180000
180107
180169
180204
180205
180301
180306
180310
180422
180424
180505
180602
180618
180622
180639
180640
180645
180646
180664
180688
180689
180698
180699
180708
180718
180738
180897
180914
181086
181189
181299
181300
181313
181354
181385
181468
181490
181546
181570
181627
181638
181661
181698
181742
181834
181895
181896
181897
182052
182084
182085
182163
182164
182165
182166
182167
182168
182291
182308
182340
182341
182425
182454
182455
182456
182457
182635
182660
182688
182689
182690
182691
182692
182693
182694
182734
182735
182746
182752
182779
182780
182788
182871
182877
182878
182879
182887
182946
182982
183034
183035
183036
183037
183044
183102
183103
183125
183151
183271
183280
183316
183369
183372
183437
183509
183514
183515
183516
183517
183555
183556
183557
183561
183593
183621
183623
183633
183634
183700
183735
183781
183782
183802
183853
183919
183920
183939
183940
183973
184022
184133
184212
184242
184272
184298
184299
184332
184346
184363
184364
184365
184421
184596
184624
184643
184686
184840
184854
184857
184858
184880
184902
184903
184904
184905
184923
184961
184973
184998
185019
185065
185066
185097
185143
185144
185147
185242
185297
185298
185329
185358
185415
185416
185426
185464
185465
185480
185501
185557
185643
185687
185819
185893
185915
185928
185962
186043
186085
186086
186087
186088
186106
186108
186109
186129
186131
186132
186293
186294
186336
186355
186379
186380
186395
186426
186427
186567
186640
186878
186895
186929
186930
186931
187182
187233
187354
187366
187419
187420
187490
187491
187534
187535
187536
187579
187604
187609
187637
187646
187647
187656
187689
187696
187697
187711
187713
187718
187757
187761
187799
187815
187830
187847
187910
187913
187937
188001
188087
188088
188262
188264
188265
188271
188331
188350
188369
188382
188466
188478
188616
188617
188636
188637
188638
188788
188801
188810
189015
189039
189093
189162
189163
189258
189337
189356
189383
189384
189408
189431
189450
189474
189484
189485
189486
189523
189542
189575
189584
189703
189769
189933
189953
190029
190030
190031
190069
190182
190188
190237
190394
190395
190419
190423
190435
190462
190555
190606
190633
190645
190700
190924
190964
190966
190994
190995
191019
191034
191036
191038
191073
191199
191203
191204
191208
191209
191307
191316
191317
191343
191344
191403
191410
191430
191485
191497
191538
191628
191771
191788
191790
191791
191792
191794
191806
191841
191888
191901
191904
191906
191907
191908
191910
191926
191927
191961
191992
192039
192053
192093
192095
192099
192266
192267
192287
192318
192322
192458
192555
192573
192580
192591
192601
192661
192666
192667
192673
192674
192788
192814
192818
192886
192926
192983
193001
193044
193072
193111
193186
193245
193253
193288
193298
193316
193327
193376
193378
193419
193471
193564
193565
193588
193592
193608
193622
193635
193653
193662
193730
193799
193890
193922
193948
194016
194017
194122
194133
194242
194339
194467
194469
194470
194521
194522
194524
194558
194561
194572
194582
194586
194612
194615
194827
194854
194922
194967
195061
195122
195124
195415
195425
195443
195444
195446
195491
195492
195668
195681
195685
195719
195845
195887
195924
195925
195927
195958
195959
195976
196115
196172
196206
196211
196212
196220
196221
196225
196232
196254
196278
196343
196386
196395
196421
196444
196553
196599
196730
196795
196805
196815
196822
196823
196877
196880
196884
196944
196945
196947
196965
196992
196995
197178
197187
197246
197247
197347
197349
197457
197458
197543
197699
197703
197770
197882
197883
197884
197885
197886
197887
197918
197954
197963
198014
198067
198086
198120
198121
198182
198196
198213
198223
198246
198351
198495
198525
198557
198579
198670
198701
198787
199058
199073
199097
199160
199161
199196
199221
199259
199264
199377
199378
199491
199594
199699
199836
199891
199895
199897
199946
199947
199985
200081
200101
200185
200243
200247
200294
200298
200326
200348
200350
200378
200391
200425
200430
200441
200464
200490
200491
200504
200506
200518
200532
200568
200570
200588
200626
200628
200633
200684
200691
200693
200735
200877
200916
201028
201081
201516
201706
201711
201765
201766
201767
201791
201875
201894
201908
201927
201968
202055
202127
202175
202186
202337
202455
202465
202515
202574
202642
202647
202660
202669
202675
202789
202791
202843
202845
202851
202857
202869
202878
202892
202920
202928
202980
203116
203196
203244
203249
203372
203387
203447
203557
203685
203883
203902
204024
204075
204105
204237
204299
204315
204376
204398
204453
204515
204526
204535
204759
204771
205032
205040
205068
205264
205303
205304
205309
205350
205351
205353
205361
205367
205397
205398
205416
205417
205457
205468
205481
205497
205512
205513
205514
205515
205518
205519
205520
205521
205525
205593
205614
205641
205642
205711
205713
205714
205742
205779
205836
205837
205899
205901
205926
205931
205932
206084
206096
206112
206113
206175
206217
206451
206520
206521
206663
206731
206732
206766
206767
206769
206838
206912
206934
206937
206938
206949
206950
207031
207032
207033
207034
207093
207360
207361
207362
207363
207364
207365
207366
207540
207672
207745
207746
207827
207891
207892
207951
207952
207960
207962
208005
208019
208030
208090
208159
208294
208303
208304
208305
208329
208359
208395
208449
208459
208465
208466
208491
208499
208634
208665
208681
208775
208804
208855
208856
208860
208861
208874
208886
208977
209080
209091
209097
209112
209279
209280
209305
209309
209321
209324
209325
209326
209370
209386
209406
209449
209512
209586
209637
209638
209862
209867
209868
209869
209886
209892
209930
209931
209994
209995
209996
209997
209998
210076
210096
210220
210245
210321
210326
210334
210335
210336
210422
210423
210424
210457
210489
210534
210540
210622
210631
210633
210814
210815
210894
210947
211041
211053
211121
211321
211342
211343
211427
211450
211550
211551
211569
211573
211581
211582
211590
211602
211617
211627
211644
211646
211665
211689
211728
211911
211912
211913
211969
211972
212363
212442
212519
212520
212521
212632
212699
212701
212812
212813
212836
212837
212838
212839
212872
212896
213070
213321
213387
213401
213461
213462
213482
213520
213524
213533
213721
213754
213781
213983
213984
213985
213986
214072
214088
214166
214230
214243
214286
214287
214289
214349
214424
214485
214486
214527
214555
214654
214668
214700
214713
214714
214733
214768
214769
214862
214871
214872
214876
214882
214931
214932
214986
215175
215222
215318
215335
215376
215383
215400
215420
215480
215577
215578
215579
215580
215600
215601
215617
215759
215777
215848
215849
215850
215856
215880
215890
215891
215892
215893
216119
216161
216166
216172
216229
216247
216336
216337
216338
216346
216353
216418
216478
216520
216547
216622
216663
216681
216682
216701
216725
216730
216731
216732
216804
216853
216874
216890
216891
217133
217148
217159
217172
217208
217230
217303
217315
217377
217388
217413
217546
217585
217732
217741
217771
217782
217824
217829
217831
217842
217843
217857
217859
217871
217877
217878
217919
217970
217971
217972
217973
217986
218007
218008
218016
218023
218100
218106
218129
218130
218145
218159
218197
218198
218209
218221
218222
218224
218253
218281
218326
218333
218413
218431
218432
218433
218459
218463
218562
218600
218658
218662
218693
218695
218697
218698
218758
218760
218823
218824
218825
218897
219366
219380
219387
219388
219400
219422
219423
219590
219686
219736
219752
219771
219826
219852
219869
219872
219881
219889
219922
219970
220003
220020
220068
220134
220135
220144
220157
220159
220160
220161
220243
220244
220334
220335
220344
220609
220796
220803
220804
220807
220809
220810
220811
220812
220813
220828
220834
220835
220836
220859
220877
220906
220991
221000
221083
221167
221184
221185
221277
221278
221281
221286
221399
221400
221448
221726
221727
221728
221729
221730
221731
221732
221872
221943
221944
221992
222036
222056
222086
222103
222104
222105
222106
222108
222109
222152
222225
222295
222405
222500
222526
222627
222656
222668
222690
222698
222847
222848
222864
222865
222903
223089
223090
223165
223172
223296
223340
223396
223403
223424
223698
223752
223791
223792
223793
223821
223827
223828
223855
223856
223857
223866
223869
223893
223917
224135
224136
224168
224210
224223
224304
224443
224515
224516
224530
224541
224658
224673
224674
224675
224699
224722
224788
224814
224815
224825
224976
225034
225062
225073
225284
225360
225452
225454
225567
225663
225746
225753
225755
225887
226135
226136
226248
226257
226307
226363
226402
226489
226503
226504
226531
226696
226727
226728
226793
226856
226875
226900
226913
227022
227030
227035
227061
227100
227127
227134
227163
227166
227187
227406
227427
227448
227580
227582
227591
227655
227792
227793
227881
227928
227931
227932
227933
227970
227976
227983
227984
228113
228179
228282
228283
228311
228323
228353
228424
228439
228442
228449
228451
228488
228531
228563
228588
228604
228622
228638
228651
228666
228669
228674
228714
228798
228848
228866
228867
228871
228872
228873
228966
229019
229020
229230
229231
229232
229233
229311
229437
229557
229558
229589
229603
229672
229673
229725
229740
229741
229754
229755
229925
229934
229937
229979
229983
229984
229988
229992
230043
230054
230104
230231
230235
230236
230238
230239
230340
230391
230414
230425
230476
230477
230533
230575
230576
230636
230697
230803
230840
230841
230870
230871
230876
230952
230991
231014
231037
231080
231158
231159
231160
231186
231197
231198
231212
231237
231277
231295
231296
231297
231298
231306
231373
231456
231478
231481
231582
231595
231596
231598
231599
231600
231602
231625
231626
231784
231798
231807
231823
231917
231943
231965
232011
232139
232302
232315
232419
232438
232449
232499
232503
232559
232608
232635
232636
232641
232738
232744
232751
232752
232809
232847
232857
232898
232965
233035
233051
233090
233091
233092
233093
233094
233107
233126
233164
233185
233219
233235
233255
233258
233260
233441
233455
233461
233509
233527
233569
233570
233635
233672
233695
233724
233725
233760
233761
233885
233970
233982
234025
234183
234196
234284
234380
234381
234479
234501
234729
234743
234744
234798
234803
234834
234919
234925
234944
234950
235025
235134
235138
235139
235204
235286
235287
235342
235349
235357
235539
235540
235541
235570
235588
235604
235618
235658
235683
235685
235707
235708
235714
235725
235748
235757
235860
235870
235871
235901
235902
235903
235967
236002
236003
236004
236005
236048
236079
236091
236144
236222
236231
236376
236385
236497
236500
236502
236503
236504
236579
236594
236595
236601
236707
236720
236793
236838
236925
236966
236968
237002
237025
237057
237068
237077
237130
237134
237211
237336
237496
237544
237553
237554
237601
237656
237657
237669
237863
237875
237876
237877
237939
237996
238101
238102
238134
238186
238201
238202
238205
238206
238207
238262
238268
238276
238313
238362
238373
238405
238478
238479
238552
238631
238656
238657
238696
238716
238777
238870
238895
238898
238969
238973
239009
239034
239040
239055
239075
239222
239328
239348
239619
239668
239688
239691
239692
239749
239768
239904
239905
239906
239917
239919
240165
240232
240274
240313
240363
240412
240459
240473
240515
240561
240759
240837
240899
240933
240946
240947
240984
241010
241024
241032
241059
241061
241118
241120
241135
241149
241174
241175
241231
241286
241287
241311
241313
241334
241364
241450
241476
241477
241489
241803
241835
241851
241898
241899
241971
241974
241980
241981
241989
241990
242020
242021
242029
242078
242098
242241
242257
242331
242379
242380
242482
242553
242578
242622
242626
242641
242681
242687
242716
242743
242785
242812
242867
242869
242915
242917
243048
243074
243107
243175
243225
243295
243350
243369
243417
243538
243539
243621
243622
243633
243659
243671
243672
243709
243738
243740
243741
243763
243798
243820
243875
243890
243976
244006
244014
244061
244062
244063
244064
244071
244078
244096
244104
244105
244138
244201
244202
244218
244229
244275
244298
244326
244347
244348
244349
244360
244474
244537
244545
244554
244642
244683
244695
244696
244698
244699
244724
244735
244766
244774
244775
244780
244791
244798
244889
244950
245026
245027
245072
245311
245314
245428
245486
245522
245523
245524
245544
245594
245611
245682
245683
245732
245789
245824
245836
245874
245875
245902
245923
246001
246020
246028
246082
246170
246174
246189
246257
246275
246354
246380
246385
246387
246393
246428
246431
246442
246496
246497
246498
246548
246633
246637
246692
246693
246818
246819
246866
246886
246906
246907
246908
246918
246932
246936
246952
246985
247033
247035
247100
247132
247209
247220
247221
247281
247342
247368
247378
247507
247513
247552
247553
247570
247586
247601
247602
247656
247665
247666
247706
247707
247766
247859
247868
248024
248055
248080
248081
248096
248105
248178
248190
248212
248237
248238
248252
248256
248305
248630
248686
248691
248702
248745
248763
248805
248841
248918
248993
249053
249091
249122
249302
249363
249443
249444
249562
249608
249636
249735
249787
249825
249941
249945
249946
249984
249990
249994
250015
250049
250050
250223
250277
250278
250279
250349
250404
250455
250543
250558
250631
250676
250682
250699
250702
250816
250842
250966
251014
251031
251109
251178
251238
251356
251359
251365
251383
251436
251447
251448
251453
251468
251469
251491
251565
251589
251598
251599
251767
251909
252057
252125
252174
252187
252265
252337
252346
252351
252399
252451
252455
252503
252533
252579
252580
252610
252612
252632
252649
252702
252703
252801
252814
252883
252932
253147
253153
253280
253362
253367
253443
253511
253538
253556
253573
253602
253725
253790
253791
253868
253872
253895
253915
253941
253960
254009
254067
254085
254162
254169
254312
254417
254418
254535
254549
254604
254689
254762
254823
254824
254838
254852
254885
254916
254942
254983
254994
255060
255067
255069
255114
255129
255156
255164
255203
255279
255303
255305
255324
255349
255367
255387
255390
255402
255403
255434
255457
255500
255501
255513
255564
255653
255722
255754
255755
255820
255821
255864
255976
255977
255978
256003
256180
256216
256283
256284
256384
256493
256497
256498
256519
256572
256810
256849
256871
256872
256873
256874
256875
256894
256924
256937
256944
257010
257059
257083
257099
257100
257116
257117
257260
257283
257285
257308
257312
257466
257467
257479
257522
257557
257584
257641
257684
257685
257686
257775
257928
257953
257965
257979
257987
258010
258075
258076
258085
258086
258099
258133
258192
258203
258406
258424
258439
258449
258563
258639
258785
258807
258830
258860
258996
259105
259208
259209
259314
259326
259327
259328
259366
259399
259596
259597
259621
259670
259906
259920
259928
259929
259974
259980
260091
260125
260160
260161
260162
260163
260164
260190
260196
260234
260252
260253
260552
260604
260631
260670
260671
260674
260684
260810
260811
260875
260889
260904
261068
261069
261126
261157
261158
261162
261163
261190
261191
261192
261209
261213
261241
261242
261310
261351
261397
261494
261558
261615
261616
261658
261659
261660
261661
261662
261697
261698
261841
261901
261956
261958
262035
262056
262167
262200
262211
262286
262437
262499
262830
262832
262834
262836
262837
262932
263069
263253
263254
263641
263740
263791
263799
264001
264009
264030
264031
264052
264102
264116
264122
264130
264169
264256
264258
264273
264302
264341
264349
264370
264552
264554
264584
264598
264691
264736
264823
264975
264981
264982
265023
265059
265060
265070
265233
265234
265235
265238
265239
265240
265428
265441
265447
265448
265455
265461
265497
265512
265677
265678
265943
266092
266164
266309
266330
266370
266410
266520
266521
266603
266799
266830
266942
266998
266999
267119
267130
267149
267199
267330
267428
267432
267492
267532
267544
267545
267560
267583
267674
267714
267789
267839
267840
267841
268207
268212
268250
268251
268270
268279
268280
268309
268359
268369
268745
268825
268849
268877
268885
268955
269099
269133
269139
269179
269193
269236
269237
269238
269394
269456
269470
269562
269624
269640
269641
269643
269651
269652
269662
269696
269751
269755
269891
269927
269948
270067
270371
270510
270571
270576
270586
270613
270657
270706
270794
270815
270821
270837
270871
270932
270959
271014
271090
271128
271172
271186
271493
271498
271510
271555
271569
271653
271664
271839
271840
271841
271842
271843
271871
272018
272278
272436
272493
272590
272591
272598
272626
272784
272825
272826
272863
272900
272917
272981
273075
273080
273161
273164
273173
273200
273213
273272
273273
273334
273363
273376
273378
273406
273407
273426
273440
273461
273462
273470
273637
273652
273653
273654
273758
273759
273823
273844
273848
273923
273948
274038
274039
274047
274285
274286
274293
274312
274403
274404
274455
274476
274489
274506
274562
274601
274667
274668
274675
274700
274721
274801
274822
274901
274969
274970
275042
275043
275044
275081
275353
275354
275382
275423
275456
275464
275494
275613
275727
275757
275763
275799
275858
275960
276027
276064
276070
276126
276359
276373
276374
276389
276454
276455
276551
276552
276601
276627
276698
276767
276768
276895
276959
277009
277035
277129
277259
277260
277372
277534
277551
277708
277757
277758
277779
277780
277884
277908
277970
277997
278113
278191
278292
278338
278364
278437
278511
278525
278538
278550
278553
278585
278735
278882
278967
278968
279032
279139
279267
279346
279365
279515
279556
279682
279689
279759
279830
279834
279978
280007
280039
280118
280121
280195
280202
280293
280509
280669
280740
280745
280945
281035
281043
281044
281339
281369
281588
281683
281735
281792
281793
281874
282030
282065
282074
282176
282181
282188
282352
282391
282442
282482
282760
282895
282998
283108
283380
283417
283492
283616
283622
283699
283741
283864
283876
283946
284077
284138
284153
284163
284240
284644
284660
284661
284663
284703
284713
284891
284958
285021
285073
285132
285303
285333
285378
285381
285395
285412
285445
285476
285542
285605
285747
285829
285890
285910
285944
286081
286082
286207
286208
286209
286372
286374
286701
286747
286778
286928
287084
287105
287151
287198
287199
287200
287201
287202
287203
287204
287205
287206
287207
287208
287392
287551
287556
287565
287642
287687
287688
287689
287790
287884
288027
288093
288094
288113
288121
288218
288319
288320
288327
288403
288404
288405
288406
288427
288428
288435
288682
288687
288723
288726
288759
288790
288791
288792
288814
288923
288994
289027
289056
289218
289251
289264
289412
289422
289423
289424
289451
289597
289598
289636
289682
289732
289734
289768
290097
290098
290160
290194
290197
290256
290257
290359
290433
290434
290452
290571
290579
290802
290828
290866
290886
290896
290930
290931
290932
290941
290995
291193
291389
291448
291519
291652
291691
291700
291828
291915
291946
291947
291967
292052
292058
292270
292376
292458
292460
292461
292463
292563
292565
292685
292788
292800
292845
292848
292854
292929
292987
293012
293042
293060
293154
293204
293205
293212
293244
293605
293670
293747
293917
293943
293970
293995
294114
294170
294172
294197
294351
294352
294353
294514
294641
294659
294754
294760
294761
294795
294855
294856
294974
294991
295062
295078
295082
295083
295084
295085
295165
295175
295285
295348
295349
295350
295419
295469
295481
295604
295712
295744
295783
295908
295909
296136
296220
296248
296317
296329
296345
296644
297063
297139
297322
297355
297396
297398
297414
297599
297746
297797
297828
297829
297830
297936
297937
297966
298035
298052
298054
298055
298126
298196
298284
298306
298348
298354
298355
298384
298740
298741
298799
298968
299138
299152
299273
299324
299351
299366
299369
299370
299404
299742
299900
299901
299918
299919
299938
299948
299950
299996
300054
300110
300142
300152
300260
300301
300323
300358
300405
300406
300435
300456
300457
300462
300493
300494
300738
300739
300912
300936
301012
301099
301116
301214
301261
301262
301310
301314
301316
301411
301461
301465
301506
301519
301537
301555
301586
301587
301588
301698
301699
301700
301740
301744
301905
301997
302007
302018
302271
302282
302386
302510
302664
302710
302895
302896
302955
303040
303054
303190
303226
303227
303245
303272
303273
303295
303296
303304
303305
303306
303311
303386
303429
303444
303445
303446
303464
303466
303637
303652
303672
303794
303817
303954
304315
304316
304317
304392
304393
304490
304732
304784
304846
304901
304936
304937
304981
304986
304987
305025
305080
305102
305171
305185
305190
305191
305222
305224
305280
305281
305282
305287
305519
305594
305619
305643
305754
305777
305802
305804
305817
305851
306072
306310
306465
306467
306638
306735
306736
306786
306873
306943
306944
306945
306960
307060
307095
307153
307154
307298
307300
307316
307375
307417
307418
307506
307521
307630
307675
307704
307769
307811
307860
307977
308100
308198
308199
308447
308450
308484
308572
308593
308635
308715
308775
308786
308856
308857
308896
308960
308999
309036
309037
309160
309307
309359
309360
309372
309600
309601
309602
309654
309751
309818
309862
309875
309934
309989
309990
310049
310059
310074
310144
310145
310179
310256
310352
310411
310600
310601
310603
310604
310614
310615
310616
310702
310812
310813
310850
310882
310921
311028
311282
311295
311343
311354
311395
311411
311636
311695
311705
311768
311931
312109
312133
312292
312308
312328
312347
312447
312532
312542
312543
312569
312576
312577
312613
312653
312702
312706
312711
312825
312835
312858
312866
312923
312924
312933
312934
312968
313029
313185
313189
313259
313307
313378
313383
313408
313421
313645
313725
313733
314047
314137
314201
314213
314214
314486
314489
314522
314593
314594
314757
314805
314844
314845
314852
314866
314946
315033
315384
315471
315664
315709
315820
315821
315965
316158
316272
316295
316567
316601
316758
316781
316826
316945
317030
317087
317148
317187
317198
317290
317421
317424
317479
317536
317553
317616
317621
317636
317637
317713
317714
317795
317796
317804
317839
317911
317989
317996
318000
318003
318004
318006
318007
318167
318385
318461
318554
318558
318638
318775
318819
318867
318892
319031
319032
319411
319434
319436
319599
319815
319816
319893
320136
320137
320198
320249
320250
320251
320252
320253
320345
320346
320372
320404
320502
320634
320733
320802
320864
320919
321003
321036
321051
321248
321274
321353
321559
321632
321917
321931
321982
321984
322054
322088
322146
322147
322213
322302
322303
322422
322423
322426
322480
322481
322630
322677
322678
322846
322847
322857
322858
322917
322959
322960
322961
323099
323128
323178
323194
323195
323319
323663
324009
324010
324203
324250
324492
324561
324589
324625
324643
324773
324774
324890
324977
324978
324979
324980
324981
325071
325257
325381
325413
325414
325473
325484
325507
325650
325679
325748
325807
325881
325882
326020
326169
326199
326200
326205
326206
326207
326208
326338
326339
326573
326613
326643
326908
326909
326925
327046
327047
327203
327373
327423
327510
327548
327549
327633
327638
327668
327789
327931
327932
327933
328004
328267
328556
328558
328669
328808
328896
328923
329065
329094
329144
329252
329253
329257
329259
329315
329316
329318
329354
329385
329386
329404
329572
329579
329581
329582
329725
329742
329934
330022
330023
330046
330132
330162
330175
330219
330261
330280
330360
330433
330462
330464
330465
330580
330599
330634
330701
330702
330703
330704
330714
330787
330788
330789
330795
330866
330867
331073
331112
331372
331373
331492
331600
331699
331785
331836
331962
332469
332710
332815
333154
333167
333281
333314
333316
333623
333676
333677
333678
333735
333849
333881
333882
333966
334077
334097
334207
334378
334379
334380
334478
334479
334495
334696
334697
334713
334837
335012
335131
335137
335176
335223
335224
335344
335406
335600
335601
335602
335659
335724
335772
335793
335852
335871
335961
336054
336055
336076
336108
336219
336295
336334
336335
336533
336929
337180
337212
337400
337440
337450
337451
337516
337517
337557
337576
337577
337607
337608
337675
337736
337737
337758
337759
337766
337813
337830
337905
337909
337949
337962
337963
337995
337996
338048
338562
338727
338757
338829
338837
338909
338918
338919
338937
339020
339167
339211
339212
339225
339343
339536
339651
339663
339677
339780
339836
339870
340152
340219
340253
340295
340314
340327
340355
340376
340386
340387
340388
340553
340594
340655
340656
340731
340732
340798
340823
341132
341327
341349
341434
341473
341925
341926
342039
342169
342217
342223
342224
342241
342256
342257
342292
342344
342360
342367
342426
342491
342497
342607
342611
342736
342883
342892
342909
342945
342960
343003
343078
343340
343566
343567
343807
343808
343813
343836
343879
344022
344023
344024
344043
344097
344201
344288
344412
344708
344721
344761
344762
344763
344963
345088
345134
345454
345456
345461
345506
345592
345617
345630
345747
345804
346020
346023
346200
346228
346304
346424
346513
346709
346735
346772
346938
346975
346976
347506
347515
347545
347546
347609
347628
347961
348047
348050
348051
348052
348094
348177
348233
348234
348235
348452
348785
348799
348825
348944
349138
349345
349346
349459
349651
349754
349850
349882
350035
350073
350106
350149
350298
350448
350688
350748
351128
351335
351336
351366
351367
351474
351475
351549
351745
351754
351823
351867
352396
352564
352675
352782
352783
352954
353043
353128
353129
353150
353360
353527
353746
353755
353873
353874
354134
354164
354370
354416
354441
354518
354555
354621
354657
354658
354770
354780
354781
354782
354875
354954
355093
355135
355176
355370
355509
355821
356041
356049
356205
356295
356532
356601
356740
356884
356885
356901
356949
357175
357297
357776
357808
357929
358266
358367
358447
358449
358472
358538
358822
359198
359248
359715
359716
359767
359768
359769
359770
360134
360163
360217
360218
360256
360272
360459
360460
360816
360817
360919
361176
361216
361246
361247
361248
361249
361250
361269
361394
361428
361442
361443
361444
361445
361538
361669
361685
361686
362374
362666
362758
362920
362922
363076
363121
363270
363271
363272
363291
363292
363299
363345
363348
363349
363457
363459
363485
363901
364042
364043
364239
364240
364244
364374
364568
364965
365115
365136
365137
365153
365154
365156
365157
365169
365327
365359
365400
365534
365678
365683
365895
366182
366238
366362
366613
366688
366692
366843
366845
367170
367179
367292
367402
367492
367493
367747
368016
368221
368230
368254
368295
368463
368550
368620
368713
368769
368781
368807
368930
369109
369111
369323
369486
369571
369585
369654
369655
369677
369847
369848
369849
370058
370074
370092
370791
370873
370874
370891
370892
370893
371053
371261
371282
371361
371413
371430
371433
371436
371437
371449
371825
371833
371891
372006
372089
372152
372153
372180
372183
372255
372259
372260
372261
372406
372474
372497
372523
372587
372642
372643
372678
372679
373004
373153
373154
373625
373628
373646
373647
373659
373713
373749
373752
373837
373915
373916
374047
374048
374054
374055
374668
374766
374775
374776
374913
375028
375550
375551
375928
375929
375946
376247
376287
376436
376491
377079
377122
377124
377410
377411
377427
377486
377642
377643
377955
378244
378248
378321
378406
378451
378452
378470
378471
378475
378476
378531
378532
378533
378535
378549
378743
379049
379085
379137
379230
379359
379566
379584
379725
379840
379857
379858
380010
380074
380075
380076
380194
380198
380200
380201
380327
380328
380404
380452
380467
380492
380493
380497
380765
380766
380786
380871
380944
381265
381608
381934
381992
381993
382051
382148
382160
382205
382206
382207
382208
382215
382216
382217
382389
382408
382429
382754
382817
382857
382935
382997
383132
383133
383150
383509
383515
383755
383756
383797
383871
384010
384049
384102
384103
384144
384145
384331
384419
384650
384693
384718
384881
385060
385081
385082
385220
385222
385225
385231
385232
385238
385245
385314
385325
385592
385731
385853
385854
385991
386180
386185
386269
386272
386357
386598
386667
386682
386683
386684
386896
386897
387142
387143
387171
387264
387271
387345
387734
387916
387918
387983
388015
388069
388118
388163
388459
388463
388527
388587
388588
388589
388686
388740
388785
388786
388819
388840
389011
389012
389295
389396
389397
389541
389976
390056
390212
390213
390214
390307
390391
390544
390632
390711
390714
391347
391348
391423
391582
391594
391595
391876
391884
391900
391918
391951
392005
392034
392070
392071
392085
392086
392111
392125
392592
392608
392671
392792
393054
393140
393159
393250
393299
394005
394019
394041
394085
394250
394281
394324
394398
394726
395248
395249
395262
395436
395757
395875
396012
396139
396164
396210
396297
396350
396357
396398
396839
396932
396988
397148
397236
397350
397416
397417
397418
397450
397496
397702
397827
398042
398256
398320
398347
398568
398734
399301
399331
399424
399429
399479
399603
399604
399697
399876
400016
400022
400023
400067
400153
400254
400300
400328
400338
400347
400414
400689
400721
400734
400791
400996
401090
401183
401220
401332
401534
401535
401676
401691
401902
401982
402093
402102
402175
402322
402432
402474
402526
402611
402655
402719
402781
