737
838
1594
1679
2443
2487
2798
3027
3096
3484
3599
4586
5017
5201
6040
6190
6278
7463
7886
7914
8579
8801
9190
9249
9729
10389
10771
11008
11127
11680
12077
12305
13256
13649
16071
17611
17691
17776
18136
18552
18937
18946
19041
19450
19729
20078
20098
20148
20713
21135
21724
23463
23572
24136
24708
24748
25421
25623
26050
26304
26320
27901
28850
29713
30624
31753
31818
31827
33520
35036
35086
35280
36881
37731
38440
39757
41429
42847
43101
43522
43631
45184
46616
46617
47516
47517
47523
47526
47531
51162
51823
52034
52745
53099
53207
53677
55011
55012
56967
57815
57816
59478
59863
59865
59866
59867
63733
63734
63972
63981
63983
65722
65723
65725
65732
65824
65967
65974
65975
65976
65977
65978
65979
65980
65981
65982
65983
66547
68201
74509
77614
