30
309
318
319
339
342
345
392
400
410
411
419
447
496
508
540
575
805
832
846
863
1009
1114
1131
1176
1177
1208
1217
1245
1252
1259
1263
1270
1287
1292
1299
1314
1323
1326
1339
1343
1355
1359
1361
1363
1365
1378
1392
1411
1469
1480
1488
1492
1496
1514
1516
1524
1534
1535
1537
1540
1543
1549
1558
1561
1567
1572
1580
1586
1591
1595
1597
1647
1663
1665
1682
1758
1796
1800
1806
1815
1846
1852
1873
1875
1883
1892
1903
1909
1918
1930
1936
1955
1959
1981
1982
1990
1996
1997
1998
2013
2017
2021
2028
2030
2031
2043
2048
2059
2066
2070
2087
2091
2092
2112
2126
2140
2143
2154
2156
2177
2184
2185
2186
2200
2204
2205
2217
2224
2245
2258
2261
2264
2281
2283
2293
2299
2319
2346
2350
2359
2362
2372
2381
2407
2420
2433
2438
2446
2450
2453
2457
2460
2470
2474
2482
2490
2492
2493
2498
2499
2502
2505
2508
2509
2521
2528
2536
2545
2546
2548
2555
2556
2560
2567
2570
2576
2597
2598
2604
2605
2607
2610
2617
2635
2639
2656
2659
2666
2667
2670
2671
2672
2676
2693
2854
2913
2926
2945
3058
3059
3063
3066
3069
3073
3076
3077
3079
3087
3095
3098
3102
3104
3108
3114
3116
3124
3131
3138
3149
3151
3153
3154
3157
3160
3161
3162
3169
3170
3171
3185
3197
3198
3201
3205
3208
3220
3221
3225
3233
3234
3235
3240
3241
3243
3246
3247
3248
3255
3385
3392
3403
3405
3441
3457
3469
3478
3489
3504
3574
3575
3576
3593
3607
3609
3627
3629
3630
3638
3639
3640
3666
3669
3686
3703
3704
3705
3706
3726
3727
3730
3748
3757
3769
3796
3799
3811
3812
3816
3835
3855
3858
3895
3897
3906
3915
3917
3922
3937
3938
3940
3961
3980
3982
3992
3996
3998
4001
4003
4012
4018
4044
4057
4067
4082
4084
4085
4090
4097
4103
4107
4124
4126
4130
4132
4146
4149
4170
4175
4222
4234
4257
4286
4303
4308
4321
4324
4336
4340
4350
4351
4362
4363
4364
4369
4373
4374
4378
4391
4393
4394
4404
4406
4416
4417
4418
4419
4421
4424
4427
4429
4431
4433
4435
4439
4440
4447
4450
4462
4484
4487
4488
4495
4496
4498
4499
4501
4504
4515
4523
4540
4550
4581
4601
4614
4619
4626
4636
4781
4782
4789
4792
4793
4797
4803
4806
4809
4810
4816
4818
4819
4822
4830
4838
4839
4848
4855
4859
4867
4870
4871
4888
4889
4895
4904
4906
4912
4914
4916
4917
4923
4924
4927
4933
4941
4942
4943
4945
4946
4955
4967
4992
5003
5025
5026
5040
5055
5074
5079
5085
5086
5212
5218
5226
5273
5417
5418
5431
5464
5477
5492
5499
5510
5539
5551
5552
5557
5568
5570
5578
5579
5585
5587
5609
5623
5624
5637
5640
5642
5643
5652
5664
5680
5684
5687
5708
5714
5716
5717
5722
5727
5736
5740
5742
5743
5749
5751
5763
5770
5791
5796
5810
5830
5834
5840
5845
5851
5855
5877
5883
5903
5906
5955
5959
5963
5972
5980
5981
6049
6055
6262
6263
6271
6281
6293
6297
6308
6326
6340
6366
6399
6419
6425
6431
6432
6444
6475
6661
6708
6867
6900
6912
6923
6934
6941
6970
7058
7086
7106
7136
7700
7733
7755
7784
7842
8123
8126
8143
8169
8175
8179
8183
8205
8226
8247
8259
8269
8294
8417
8589
8600
8610
8612
8613
8615
8624
8625
8653
8678
8694
8713
8724
8732
8758
8834
8856
8891
8932
8980
9017
9021
9037
9104
9174
9185
9186
9201
9227
9229
9239
9248
9253
9287
9298
9321
9337
9351
9373
9391
9407
9421
9426
9453
9460
9466
9474
9486
9492
9498
9499
9500
9501
9507
9508
9510
9515
9516
9519
9528
9533
9537
9544
9555
9557
9565
9587
9598
9601
9615
9626
9629
9634
9642
9643
9647
9660
9666
9812
9818
9822
9872
9894
9895
9900
9907
9909
9910
9913
9929
9937
9944
9966
9969
9989
9993
9997
9999
10001
10011
10024
10085
10095
10103
10111
10130
10133
10139
10152
10171
10186
10207
10278
10338
10490
10587
10623
10624
10976
11146
11219
11372
11373
11408
11521
11531
11545
11572
11573
11574
11583
11586
11589
11590
11591
11601
11602
11605
11609
11610
11613
11620
11623
11625
11628
11737
11762
11785
11879
11895
11930
11950
11985
11993
12029
12032
12033
12041
12048
12100
12103
12109
12110
12180
12195
12212
12263
12264
12279
12292
12333
12373
12495
12757
12758
12761
12762
12775
12776
12792
12796
12801
12802
12807
12817
12818
12822
12823
12825
12841
12853
12856
12858
12877
12878
12884
12886
12889
12892
12893
12900
12906
12912
12922
12925
12926
12932
12941
12961
12963
12979
12980
12982
12985
12987
12997
13000
13013
13016
13018
13215
13454
14017
14047
14078
14219
14327
14338
14359
14372
14751
14752
14756
14757
14758
14761
14762
14766
14767
14768
14775
14776
14779
14780
14783
14784
14786
14788
14791
14792
14797
14798
14799
14802
14804
14807
14808
14810
14811
14812
14814
14815
14819
14820
14821
14822
14828
14829
14836
14845
14855
15071
15119
15130
15131
15150
15170
15181
15258
15277
15298
15369
15386
15391
15398
15401
15412
15413
15418
15456
15471
15755
16178
16188
16189
16248
16459
16466
16520
16547
16559
16562
16570
16584
16661
16679
16712
16719
16729
16732
16735
16748
16752
16757
16790
16822
16869
16870
16871
16886
16923
16928
16932
16949
16955
16967
16971
17009
17017
17039
17041
17059
17064
17069
17089
17125
17153
17174
17187
17200
17520
17528
17761
17783
17790
17839
17844
17859
17861
17871
17872
17874
17875
17876
17889
17891
17897
17915
17919
17920
17927
17936
17937
17938
17947
17951
17952
17959
17999
18018
18023
18031
18045
18072
18074
18081
18086
18088
18090
18094
18095
18098
18102
18104
18106
18109
18110
18111
18115
18116
18124
18128
18129
18130
18133
18135
18139
18141
18145
18149
18156
18159
18160
18163
18169
18170
18171
18172
18175
18179
18182
18184
18188
18189
18190
18195
18196
18197
18198
18199
18204
18207
18209
18212
18219
18229
18230
18232
18237
18240
18244
18246
18250
18251
18257
18263
18338
18356
18414
18514
18531
18641
18674
18678
18679
18682
18684
18685
18686
18688
18690
18694
18695
18705
18706
18707
18709
18710
18711
18717
18718
18719
18720
18725
18727
18728
18729
18730
18731
18735
18736
18738
18740
18743
18744
18745
18746
18753
18755
18759
18764
18765
18766
18768
18769
18770
18771
18772
18774
18775
18779
18780
18781
18783
18788
18789
18792
18793
18798
18799
18800
18803
18804
18805
18807
18808
18809
18811
18812
18906
18910
18912
18913
18914
18919
18920
18924
18925
18931
18933
18934
18935
18938
18943
18944
18949
18952
18954
18955
18956
18957
18958
18964
18965
18972
18973
18974
18977
18978
18979
18983
18991
18992
18993
18997
18998
19003
19015
19052
19073
19074
19080
19145
19153
19168
19178
19185
19226
19263
19296
19297
19300
19302
19303
19331
19336
19339
19340
19341
19345
19349
19350
19352
19353
19363
19367
19373
19374
19378
19379
19382
19383
19385
19387
19393
19400
19403
19408
19409
19410
19413
19419
19420
19421
19422
19426
19432
19433
19435
19441
19442
19447
19448
19451
19452
19454
19465
19468
19471
19472
19478
19479
19480
19481
19484
19488
19495
19496
19501
19517
19523
19531
19536
19564
19577
19580
19722
19728
19731
19836
19942
20027
20033
20051
20063
20146
20235
20263
20290
20349
20462
20546
20701
20840
20861
20883
20981
20983
21012
21588
21594
21612
21616
21663
21672
21690
21707
21744
21745
21784
21838
21940
21943
21976
21979
22016
22303
22340
22397
22436
22464
22499
22560
22743
22828
22832
22837
22841
22844
22846
22848
22849
22850
22857
22860
22863
22864
22868
22873
22880
22881
22887
22888
22898
22902
22903
22909
22915
22916
22917
22935
22936
22937
22952
22961
23022
23150
23209
23259
23396
23489
23550
23663
23665
23668
23669
23672
23681
23683
23719
23720
23722
23725
23728
23730
23731
23736
23744
23749
23754
23758
23759
23765
23767
23771
23774
23777
23798
23827
23829
23840
23876
23887
23945
23959
23962
24006
24024
24048
24049
24066
24102
24219
24326
24378
24387
24477
24483
24496
24747
24767
24785
24935
25211
25228
25235
25283
25298
25320
25332
25417
25437
25453
25572
25627
25628
25647
25653
25792
25794
25825
25832
25853
25873
26023
26030
26079
26087
26325
26329
26336
26342
26344
26351
26363
26371
26377
26382
26387
26392
26393
26423
26424
26430
26433
26447
26449
26454
26455
26463
26466
26475
26495
26505
26506
26510
26518
26550
26553
26570
26608
26628
26637
26647
26695
26696
26726
26730
26750
26772
26773
26800
26845
26848
26860
26870
26887
26914
26927
26942
26980
26982
26984
26997
27016
27020
27065
27071
27082
27091
27096
27098
27104
27107
27108
27115
27116
27117
27118
27121
27123
27130
27144
27145
27149
27150
27155
27185
27188
27193
27205
27210
27226
27235
27240
27241
27245
27253
27265
27293
27328
27336
27337
27462
27479
27491
27495
27514
27527
27574
27580
27581
27582
27583
27584
27586
27638
27659
