9733
9944
10052
39800
49678
49710
115036
202243
208566
209726
215125
215462
216976
245837
269557
283574
285289
293604
293778
293839
293920
294004
318313
320339
339404
339406
339407
339417
339442
339454
339476
344032
344033
344084
405812
409734
419510
423143
427000
429210
442083
443782
453803
454979
459019
469189
525848
529313
531228
539398
550342
550381
550384
550419
550421
550622
550659
550695
550696
550698
550706
550708
550710
550764
550794
552973
552992
554405
556794
556800
556802
556813
556816
556827
556828
556829
556894
556911
557081
557082
557083
557085
557087
557088
557089
557091
557092
557093
557094
557097
557098
557099
557100
557101
557104
557105
557107
557108
557109
557110
557111
557113
558421
558427
558428
558430
558432
558433
558439
558441
558445
558447
558449
558450
560478
560483
560484
560485
560486
560488
560489
560490
560521
560526
560528
560529
560531
560532
561046
561047
561049
561050
561054
561057
561061
561062
561065
561066
561067
561069
561070
561073
561075
561076
561077
561083
561085
561092
561094
561099
561106
561118
561119
561122
561125
561131
561133
561134
561138
561139
561141
561142
561143
561146
561189
561190
561194
561195
561198
561203
561205
561210
561218
561219
562314
562323
562326
562328
562348
562349
562350
562351
562352
562353
562354
562357
562359
562713
562714
563002
563004
563271
563275
563276
563277
563283
563290
563297
563300
563301
563304
563305
563307
563313
563314
563317
563318
563322
563325
563327
563330
563332
563336
563337
563338
563339
563374
563376
563378
563380
563397
563398
563399
563400
563401
563402
563403
563404
563405
563406
563461
563462
563464
563466
563476
563477
563478
563479
563489
563495
563497
563502
563503
563508
563510
563514
563515
563516
563518
563577
563579
563581
563584
563604
563605
563611
563621
563634
563635
563636
563641
563642
563643
563645
563646
563648
563649
563652
563654
563656
563667
563670
563672
563675
563679
563683
563684
563685
584141
587601
589165
590422
591959
591965
592344
592737
594282
594689
594691
604852
609145
612195
612207
612212
612218
637425
674194
765377
765380
765388
765390
788482
788657
792607
817083
817246
817999
862695
862703
875856
891320
894246
896970
896975
896976
896979
896980
896981
896982
900934
902614
906945
913639
913640
913642
913643
913646
913647
913648
913649
915161
915196
915202
915209
921794
922001
939741
939748
939764
939791
940577
941065
942771
950230
950273
950407
970258
972079
984266
990350
1113770
1179105
1182837
1249303
1302055
1310407
1310416
1310492
1310539
1310652
1311171
1311177
1311226
1311238
1311255
1311287
1311365
1311523
1311767
1312140
1312142
1312146
1312207
1327931
1327947
1361857
1361886
1361887
1361942
1361945
1361949
1384242
1452897
1453609
1453612
1453794
1453831
1453837
1453852
1461030
1469997
1497769
1497770
1497771
1497772
1498006
1498220
1508579
1508632
1508847
1509383
1509650
1509656
1536003
1536024
1583816
1583819
1602050
1616314
1616315
1633111
1633360
1657888
1658656
1658657
1677081
1724076
1731625
1779468
1779473
1784426
1800144
1800257
1800258
1800259
1800260
1800261
1800288
1837895
1847878
1859330
1861007
1898950
1898958
1898959
1898960
1898977
1898979
1898982
1898986
1898988
1898990
1899004
1899025
1899032
1899048
1899066
1899067
1899078
1899081
1899096
1899099
1899102
1899105
1899108
1899111
1899115
1899123
1899124
1899126
1899127
1899128
1899129
1899130
1899131
1899133
1899134
1899137
1899138
1899141
1899147
1899148
1899150
1899154
1899155
1899159
1899175
1899189
1899205
1899214
1899242
1899271
1899282
1899283
1899294
1899307
1899323
1899324
1899325
1899326
1899327
1899328
1899329
1899331
1899332
1899334
1899335
1899336
1899337
1899341
1899343
1899351
1899362
1899370
1899375
1899376
1899377
1899378
1899392
1899393
1899394
1899395
1899419
1899427
1900116
1917403
1917405
1933248
1943057
1953720
1953945
1953948
1958455
1983068
1983073
1983080
1983086
1983106
1983113
1983114
1983117
1983119
1983122
1983153
1983154
1983158
1983159
1983162
1983163
1983164
1983167
1983168
1983172
1983177
1983180
1983181
1983185
1983186
1983191
1983258
1983260
1983263
1983338
1983499
1983500
1983502
1983504
1983505
1983528
1983534
1984458
1984459
1984460
1984466
1984469
1984470
1984471
1984472
1984473
1984474
1984475
1984476
1984477
1984478
1984479
1984481
1984482
1984484
1984485
1984486
1984487
1984489
1984490
1984491
1984492
1984493
1984494
1984495
1984496
1984497
1984498
1984499
1984500
1984501
1984502
1984503
1984504
1984505
1984507
1984508
1984509
1984510
1984511
1984512
1984513
1984515
1984516
1984517
1984518
1984519
1984520
1984521
1984523
1984524
1984525
1984526
1984527
1984528
1984529
1984530
1984531
1984532
1984533
1984534
1984536
1984537
1984539
1984540
1984542
1984543
1984544
1984545
1984546
1984547
1984548
1984549
1984550
1984556
1984558
1984559
1984560
1984561
1984562
1984564
1984565
1984566
1984567
1984568
1984569
1984571
1984572
1984574
1984575
1984576
1984577
1984578
1984579
1984580
1984581
1984583
1984584
1984585
1984590
1984593
1984595
1984596
1984597
1984598
1984599
1984600
1984601
1984602
1984603
1984604
1984605
1984606
1984607
1984608
1984609
1984612
1984613
1984614
1984615
1984616
1984618
1984619
1984620
1984621
1984622
1984624
1984626
1984627
1984628
1984629
1984630
1984632
1984633
1984634
1984635
1984638
1984640
1984641
1984642
1984643
1984644
1984645
1984646
1984647
1984648
1984649
1984654
1984656
1984657
1984658
1984659
1984660
1984661
1984663
1984664
1984665
1984666
1984667
1984669
1984670
1984671
1984672
1984673
1984674
1984675
1984676
1984677
1984678
1984679
1984680
1984681
1984682
1984684
1984686
1984687
1984688
1984692
1984693
1984695
1984696
1984698
1984699
1984700
1984701
1984702
1984704
1984705
1984707
1984713
1984714
1984716
1984723
1984726
1984727
1984728
1984729
1984730
1984731
1984732
1984733
1984741
1984742
1984743
1984747
1984752
1984756
1984757
1984758
1984759
1984762
1984763
1984765
1984766
1984768
1984771
1984772
1984773
1984774
1984775
1984776
1984777
1984781
1984782
1984784
1984785
1984787
1984788
1984790
1984791
1984792
1984793
1984794
1984795
1984796
1984797
1984802
1984808
1984810
1984811
1984812
1984815
1984816
1984817
1984819
1984820
1984821
1984823
1984824
1984826
1984827
1984828
1984829
1984831
1984832
1984833
1984834
1984838
1984839
1984840
1984841
1984842
1984844
1984845
1984846
1984847
1984849
1984851
1984852
1984853
1984855
1984856
1984857
1984858
1984859
1984860
1984861
1984862
1984863
1984864
1984865
1984868
1984871
1984872
1984873
1984874
1984877
1984878
1984883
1984885
1984886
1984887
1984888
1984890
1984892
1984893
1984894
1984895
1984896
1984898
1984899
1984902
1984903
1984909
1984910
1984911
1984913
1984915
1984919
1984920
1984923
1984924
1984925
1984927
1984935
1984964
1984993
1984998
1984999
1985000
1985001
1985002
1985003
1985005
1985007
1985009
1985010
1985011
1985014
1985017
1985018
1985019
1985022
1985023
1985024
1985026
1985027
1985030
1985035
1985036
1985038
1987215
2029170
2036496
2131883
2163208
2163209
2163220
2163336
2163338
2163340
2163341
2163679
2163693
2163694
2163696
2163702
2163704
2163705
2163706
2163708
2163709
2163710
2163711
2163712
2163713
2163714
2163715
2163716
2163718
2163723
2163724
2163733
2163735
2163736
2163737
2163743
2163771
2163773
2163777
2163778
2163779
2163780
2163782
2163783
2163784
2163790
2163791
2163792
2163793
2163805
2220396
2266479
2348417
2353008
2385398
2400481
2430556
2526339
2526340
2539347
2539388
2539393
2607880
2607881
2641435
2651469
2651511
2651513
2651518
2651521
2651540
2651545
2651546
2651549
2651550
2651553
2651562
2651564
2651569
2651579
2651590
2651593
2651615
2651618
2651619
2651621
2651626
2651628
2651632
2651635
2651651
2651652
2651658
2651660
2651661
2651669
2651673
2651678
2651679
2651680
2651685
2651686
2651687
2651688
2651690
2651691
2651694
2651695
2651702
2651703
2651704
2651707
2651708
2651710
2651711
2651712
2651713
2651714
2651715
2651716
2651717
2651718
2651719
2651720
2651721
2651723
2651724
2651725
2651727
2651729
2651734
2651735
2651737
2651738
2651740
2651741
2651743
2651745
2651746
2651747
2651748
2651750
2651751
2651752
2651753
2651754
2651755
2651756
2651757
2651764
2651765
2651766
2651767
2651769
2651773
2651774
2651776
2651778
2651779
2651780
2651781
2651782
2684136
2700582
2700590
2700592
2700596
2700597
2700598
2763202
2763237
2763243
2763245
2763250
2763253
2763255
2763259
2763260
2763262
2763274
2763275
2763278
2763282
2763285
2763290
2763292
2763315
2763377
2763378
2763379
2763380
2763381
2763383
2763412
2763413
2763424
2763426
2763427
2763433
2763484
2763485
2763486
2763487
2763488
2763489
2763500
2763547
2763548
2763550
2763551
2763552
2763554
2763563
2763564
2763570
2763573
2763575
2763580
2763581
2763585
2763587
2763588
2763590
2763592
2763594
2763597
2763603
2763611
2763613
2763617
2763621
2763629
2763631
2763638
2763639
2763641
2763643
2763647
2763649
2763657
2763658
2763660
2763678
2763680
2763681
2763682
2763683
2763685
2763708
2763710
2763717
2763719
2763726
2763731
2763734
2763735
2763736
2763740
2763744
2763745
2763756
2763764
2763769
2763771
2763772
2763775
2763776
2763777
2763778
2763782
2763789
2763802
2763874
2763875
2763876
2763877
2763878
2763880
2763904
2763905
2763909
2763914
2763917
2763918
2763919
2763920
2763922
2763923
2763924
2763925
2763928
2763931
2763936
2763939
2763954
2763956
2763959
2763960
2763965
2763968
2763971
2763978
2763979
2763984
2763985
2763987
2763988
2763990
2763992
2763997
2764000
2764001
2764006
2764007
2764008
2764009
2764017
2764018
2847638
2897246
2897252
2897254
2897257
2897258
2897260
2897299
2923300
2923301
2923302
3025796
3025797
3033090
3033093
3033095
3086724
3108674
3154848
3154853
3188790
3204115
3242694
3242701
3242704
3242710
3242713
3242714
3242716
3242721
3242725
3242734
3242735
3242739
3242740
3296578
3299301
3299303
3299304
3299311
3299313
3299314
3299319
3299320
3299339
3299354
3299355
3299356
3299358
3299361
3299367
3299377
3362816
3380209
3380211
3380212
3380213
3380214
3380215
3380216
3404276
3404277
3404278
3404280
3404285
3506777
3532437
3538274
3538284
3538288
3538292
3538294
3538295
3538296
3538301
3538302
3538303
3538304
3538305
3538306
3538310
3538313
3538322
3538323
3538324
3538336
3538337
3538338
3538345
3538349
3538355
3538358
3538359
3538364
3538365
3538366
3538367
3538368
3538369
3538370
3538375
3538376
3538383
3538384
3538389
3538393
3554325
3554326
3554328
3554332
3554334
3554339
3554342
3554344
3554345
3554346
3554347
3554349
3554352
3554353
3554354
3554355
3554359
3554360
3587117
3587118
3607997
3637578
3644247
3644257
3644262
3644263
3644264
3644269
3662487
3695703
3695704
3721702
3721703
3721726
3721728
3784641
3784642
3784643
3784646
3784647
3784648
3784657
3784660
3784661
3784662
3784663
3784664
3784665
3784666
3784667
3784669
3784670
3784671
3784672
3784676
3784679
3793363
3793382
3793387
3793388
3793394
3793398
3793399
3793402
3793405
3793406
3793428
3793431
3851181
3851183
3896364
3896365
3896367
3896368
3896370
3896374
3908817
3963145
3963173
3963174
3963175
3963177
3963178
3963188
3963189
3963190
3963191
3963192
3963193
3963194
3963195
3963196
3963197
3963198
3963199
3968583
3972331
3972334
3972335
3972336
3972337
3972339
3972340
3972346
3972348
3972351
3972353
3996553
3996554
4000293
4007542
4007551
4007554
