0
48
63
105
233
446
452
460
461
462
470
471
472
474
476
566
655
656
670
671
675
679
683
699
712
713
745
815
829
830
872
880
882
892
897
898
899
900
901
902
906
1041
1059
1113
1117
1121
1122
1159
1177
1250
1428
1431
1432
1439
1471
1515
1522
1523
1528
1729
1814
1816
1818
1840
1912
1946
1949
1977
1983
1986
1991
1994
2000
2001
2002
2087
2107
2150
2254
2276
2277
2316
2326
2370
2398
2411
2421
2438
2513
2514
2515
2517
2524
2578
2624
2625
2627
2628
2631
2632
2633
2634
2637
2661
2685
2687
2688
2689
2690
2691
2712
2734
2748
2839
2841
2852
2878
2879
2923
2924
3111
3122
3135
3145
3229
3231
3253
3255
3257
3258
3259
3261
3262
3263
3264
3286
3402
3418
3434
3487
3494
3495
3513
3525
3566
3611
3615
3617
3619
3620
3621
3622
3623
3658
3660
3662
3675
3728
3736
3737
3917
3923
3956
3962
3977
3995
4000
4009
4015
4037
4151
4156
4159
4229
4366
4393
4463
4533
4576
4595
4605
4607
4611
4612
4613
4615
4621
4634
4651
4678
4684
4710
4750
4802
4803
4817
4818
4938
5047
5065
5185
5207
5214
